2	116.405285	39.904989	北京
3	116.41005	39.93157	东城
3	116.36003	39.9305	西城
3	116.48548	39.9484	朝阳
3	116.28625	39.8585	丰台
3	116.2229	39.90564	石景山
3	116.29812	39.95931	海淀
3	116.10137	39.94043	门头沟
3	116.14257	39.74786	房山
3	116.65716	39.90966	通州
3	116.65417	40.1302	顺义
3	116.2312	40.22072	昌平
3	116.34149	39.72668	大兴
3	116.63168	40.31602	怀柔
3	117.12133	40.14056	平谷
3	116.84295	40.37618	密云
3	115.97494	40.45672	延庆
2	117.190182	39.125596	天津
3	117.21456	39.11718	和平
3	117.22562	39.12318	河东
3	117.22327	39.10959	河西
3	117.15074	39.13821	南开
3	117.19697	39.14816	河北
3	117.15145	39.16715	红桥
3	117.31436	39.0863	东丽
3	117.00927	39.14123	西青
3	117.38537	38.99139	津南
3	117.13217	39.22131	北辰
3	117.04443	39.38415	武清
3	117.3103	39.71761	宝坻
3	117.70162	39.02668	滨海新区
3	117.8255	39.33048	宁河
3	116.97436	38.94582	静海
3	117.40799	40.04567	蓟县
2	114.502461	38.045474	石家庄
3	114.53906	38.03665	长安
3	114.46977	38.03221	桥西
3	114.46326	38.05088	新华
3	114.06518	38.06705	井陉矿区
3	114.53115	38.00604	裕华
3	114.84671	38.02162	藁城
3	114.31347	38.08782	鹿泉
3	114.64834	37.90022	栾城
3	114.14257	38.03688	井陉
3	114.57296	38.14445	正定
3	114.55316	38.43654	行唐
3	114.38259	38.30845	灵寿
3	114.61142	37.61556	高邑
3	115.20358	38.18353	深泽
3	114.38775	37.66135	赞皇
3	114.97509	38.17653	无极
3	114.186	38.25994	平山
3	114.52539	37.76668	元氏
3	114.77612	37.75628	赵县
3	115.20626	37.94079	辛集
3	115.04348	38.03135	晋州
3	114.68985	38.34417	新乐
2	118.175393	39.635113	唐山
3	118.15431	39.62505	路南
3	118.20079	39.62436	路北
3	118.45803	39.71993	古冶
3	118.26171	39.67128	开平
3	118.11282	39.56483	丰南
3	118.12976	39.8244	丰润
3	118.460379	39.273070	曹妃甸
3	118.70346	39.74056	滦县
3	118.6741	39.5039	滦南
3	118.9125	39.42561	乐亭
3	118.31616	40.14587	迁西
3	117.7388	39.90049	玉田
3	117.96444	40.18741	遵化
3	118.70068	39.99833	迁安
2	119.586579	39.942531	秦皇岛
3	119.61046	39.9345	海港
3	119.77563	39.97869	山海关
3	119.48388	39.83408	北戴河
3	118.95242	40.40743	青龙
3	119.16595	39.70884	昌黎
3	119.24487	39.87538	抚宁
3	118.89288	39.89176	卢龙
2	114.490686	36.612273	邯郸
3	114.48375	36.60006	邯山
3	114.49343	36.61847	丛台
3	114.45928	36.61134	复兴
3	114.21148	36.41937	峰峰矿区
3	114.53103	36.59385	邯郸
3	114.6195	36.33461	临漳
3	114.66995	36.44411	成安
3	115.15362	36.27994	大名
3	113.69183	36.58072	涉县
3	114.37387	36.37392	磁县
3	114.79998	36.54807	肥乡
3	114.48925	36.78356	永年
3	115.17407	36.82082	邱县
3	114.8742	36.92374	鸡泽
3	114.94653	36.48046	广平
3	115.29913	36.53719	馆陶
3	114.93518	36.36171	魏县
3	114.95196	36.77671	曲周
3	114.20153	36.69281	武安
2	114.508851	37.0682	邢台
3	114.50725	37.06801	桥东
3	114.46803	37.05984	桥西
3	114.56575	37.0456	邢台
3	114.50387	37.43977	临城
3	114.51212	37.28671	内丘
3	114.69332	37.48242	柏乡
3	114.77615	37.35351	隆尧
3	114.6842	37.12575	任县
3	114.68371	37.00488	南和
3	114.92117	37.61696	宁晋
3	115.03524	37.21801	巨鹿
3	115.24987	37.52718	新河
3	115.14254	37.0746	广宗
3	115.03002	37.06317	平乡
3	115.2637	36.9768	威县
3	115.66479	37.07122	清河
3	115.50097	36.87078	临西
3	115.39068	37.35799	南宫
3	114.4981	36.8577	沙河
2	115.482331	38.867657	保定
3	115.4587	38.87751	新市
3	115.49715	38.88322	北市
3	115.52859	38.85455	南市
3	115.32296	38.94972	满城
3	115.49267	38.76709	清苑
3	115.71517	39.39404	涞水
3	114.19683	38.84763	阜平
3	115.65829	39.02099	徐水
3	115.80786	39.26312	定兴
3	114.98516	38.74513	唐县
3	115.7788	38.70003	高阳
3	115.87158	39.0535	容城
3	114.69128	39.35388	涞源
3	115.1567	38.70996	望都
3	115.93557	38.93532	安新
3	115.4981	39.34885	易县
3	114.70123	38.62154	曲阳
3	115.57717	38.48974	蠡县
3	115.1347	38.83854	顺平
3	115.47033	38.4564	博野
3	116.10873	38.99442	雄县
3	115.98062	39.48622	涿州
3	114.9902	38.51623	定州
3	115.32321	38.41391	安国
3	115.87368	39.32655	高碑店
2	114.884091	40.811901	张家口
3	114.8943	40.78844	桥东
3	114.86962	40.81945	桥西
3	115.06543	40.60957	宣化
3	115.28744	40.50236	下花园
3	115.15497	40.56618	宣化
3	114.71432	41.15977	张北
3	114.60031	41.85225	康保
3	115.68859	41.66959	沽源
3	113.97134	41.07782	尚义
3	114.58892	39.84067	蔚县
3	114.15051	40.10361	阳原
3	114.38559	40.67425	怀安
3	114.7405	40.76694	万全
3	115.51773	40.41536	怀来
3	115.22403	40.37636	涿鹿
3	115.83187	40.91438	赤城
3	115.27993	40.97519	崇礼
2	117.939152	40.976204	承德
3	117.9432	40.97466	双桥
3	117.74487	40.95375	双滦
3	117.65985	40.54744	鹰手营子矿区
3	118.17639	40.76985	承德
3	117.50073	40.41709	兴隆
3	118.70196	41.01839	平泉
3	117.33276	40.94148	滦平
3	117.7297	41.31412	隆化
3	116.6492	41.20481	丰宁
3	118.49176	40.60829	宽城
3	117.7601	41.94368	围场
2	116.857461	38.310582	沧州
3	116.86643	38.31438	新华
3	116.85706	38.31352	运河
3	116.87817	38.29361	沧县
3	116.80316	38.58345	青县
3	116.53668	37.8857	东光
3	117.49758	38.13958	海兴
3	117.23092	38.05647	盐山
3	115.82971	38.42272	肃宁
3	116.70224	38.04109	南皮
3	116.3847	37.62546	吴桥
3	116.12695	38.19228	献县
3	117.10412	38.05338	孟村
3	116.57824	38.08359	泊头
3	116.1033	38.71124	任丘
3	117.33883	38.3706	黄骅
3	116.0993	38.44549	河间
2	116.713873	39.529244	廊坊
3	116.70308	39.52057	安次
3	116.71069	39.52278	广阳
3	116.29916	39.43833	固安
3	116.50091	39.32069	永清
3	117.00634	39.76133	香河
3	116.65353	38.70534	大城
3	116.45846	38.87325	文安
3	116.98916	39.88649	大厂
3	116.39154	39.12569	霸州
3	117.07229	39.98358	三河
2	115.665993	37.735097	衡水
3	115.67529	37.73499	桃城
3	115.72576	37.51027	枣强
3	115.88748	37.80181	武邑
3	115.98226	38.04138	武强
3	115.72558	38.23529	饶阳
3	115.51876	38.23388	安平
3	115.97076	37.34773	故城
3	116.26904	37.6926	景县
3	116.14431	37.86881	阜城
3	115.57934	37.55082	冀州
3	115.55993	38.00109	深州
2	112.549248	37.857014	太原
3	112.56878	37.73565	小店
3	112.56338	37.86326	迎泽
3	112.56237	37.88429	杏花岭
3	112.48709	37.94193	尖草坪
3	112.51553	37.85923	万柏林
3	112.47985	37.72479	晋源
3	112.35888	37.60758	清徐
3	112.67861	38.05989	阳曲
3	111.79473	38.06689	娄烦
3	112.16918	37.90983	古交
2	113.295259	40.09031	大同
3	113.298	40.07566	城区
3	113.1772	40.03685	矿区
3	113.14947	40.00539	南郊
3	113.13504	40.25618	新荣
3	113.75012	40.36256	阳高
3	114.0931	40.42299	天镇
3	114.28204	39.76082	广灵
3	114.23672	39.44043	灵丘
3	113.69552	39.69962	浑源
3	112.70266	40.01336	左云
3	113.61212	40.04012	大同
2	113.583285	37.861188	阳泉
3	113.60069	37.8474	城区
3	113.55677	37.86895	矿区
3	113.58539	37.94139	郊区
3	113.65789	37.78601	平定
3	113.41235	38.08579	盂县
2	113.113556	36.191112	长治
3	113.12308	36.20351	城区
3	113.12653	36.19918	郊区
3	113.04791	36.04722	长治
3	113.05157	36.53527	襄垣
3	112.89196	36.31579	屯留
3	113.43603	36.20005	平顺
3	113.38766	36.50301	黎城
3	113.207	36.11301	壶关
3	112.87731	36.12125	长子
3	112.86343	36.83687	武乡
3	112.69863	36.75628	沁县
3	112.33758	36.50008	沁源
3	113.22888	36.33414	潞城
2	112.851274	35.497553	晋城
3	112.85319	35.50175	城区
3	112.1871	35.69102	沁水
3	112.41485	35.48614	阳城
3	113.2806	35.77532	陵川
3	112.83947	35.50789	泽州
3	112.92288	35.79705	高平
2	112.433387	39.331261	朔州
3	112.43189	39.31982	朔城
3	112.28833	39.51155	平鲁
3	112.81662	39.52697	山阴
3	113.19052	39.55279	应县
3	112.46902	39.99011	右玉
3	113.10009	39.82806	怀仁
2	112.736465	37.696495	晋中
3	112.70788	37.6978	榆次
3	112.97558	37.0721	榆社
3	113.37918	37.08235	左权
3	113.56988	37.32963	和顺
3	113.70517	37.61863	昔阳
3	113.17495	37.88899	寿阳
3	112.55246	37.42161	太谷
3	112.33358	37.3579	祁县
3	112.17553	37.1892	平遥
3	111.7774	36.84814	灵石
3	111.91824	37.02771	介休
2	111.003957	35.022778	运城
3	110.99827	35.0151	盐湖
3	110.77432	35.14455	临猗
3	110.83657	35.41556	万荣
3	111.22265	35.35553	闻喜
3	110.97924	35.59993	稷山
3	111.22509	35.61566	新绛
3	111.56668	35.49096	绛县
3	111.67166	35.29923	垣曲
3	111.21966	35.14121	夏县
3	111.21704	34.83772	平陆
3	110.69455	34.69384	芮城
3	110.44537	34.86556	永济
3	110.7116	35.59478	河津
2	112.733538	38.41769	忻州
3	112.74603	38.40414	忻府
3	112.95733	38.47387	定襄
3	113.25256	38.72774	五台
3	112.95913	39.06717	代县
3	113.26303	39.18886	繁峙
3	112.30423	39.00211	宁武
3	111.94158	38.3602	静乐
3	112.20541	39.09	神池
3	111.8489	38.90757	五寨
3	111.57388	38.70452	岢岚
3	111.13821	39.38439	河曲
3	111.08656	39.02248	保德
3	111.50863	39.43609	偏关
3	112.70584	38.73181	原平
2	111.517973	36.08415	临汾
3	111.5787	36.08298	尧都
3	111.47525	35.64119	曲沃
3	111.7181	35.73881	翼城
3	111.44204	35.87711	襄汾
3	111.67501	36.25425	洪洞
3	111.92041	36.26688	古县
3	112.24981	36.14803	安泽
3	111.84744	35.96854	浮山
3	110.68148	36.09873	吉县
3	110.84652	35.97072	乡宁
3	110.75216	36.46624	大宁
3	110.93881	36.69258	隰县
3	110.63168	36.7584	永和
3	111.09674	36.41243	蒲县
3	111.56811	36.65063	汾西
3	111.37207	35.61903	侯马
3	111.755	36.5638	霍州
2	111.134335	37.524366	吕梁
3	111.15059	37.5177	离石
3	112.02829	37.43841	文水
3	112.1585	37.5512	交城
3	111.12692	38.46321	兴县
3	110.99282	37.95271	临县
3	110.88922	37.42932	柳林
3	110.8352	36.99731	石楼
3	111.67627	38.27874	岚县
3	111.24011	37.88979	方山
3	111.1795	37.35715	中阳
3	111.18103	36.98213	交口
3	111.77362	37.14414	孝义
3	111.7882	37.26605	汾阳
2	111.670801	40.818311	呼和浩特
3	111.66554	40.85828	新城
3	111.62402	40.80827	回民
3	111.67456	40.75227	玉泉
3	111.70224	40.79207	赛罕
3	111.14898	40.72229	土默特左旗
3	111.19101	40.27492	托克托
3	111.82205	40.37892	和林格尔
3	111.68316	39.9097	清水河
3	111.45785	41.09289	武川
2	109.840405	40.658168	包头
3	110.0462	40.58237	东河
3	109.83862	40.64175	昆都仑
3	109.90131	40.64329	青山
3	110.27322	40.67297	石拐
3	109.97367	41.76968	白云鄂博矿区
3	109.96496	40.60554	九原
3	110.52417	40.5688	土默特右旗
3	110.06372	41.01851	固阳
3	110.43258	41.69875	达茂旗
2	106.825563	39.673734	乌海
3	106.8222	39.66955	海勃湾
3	106.88656	39.44128	海南
3	106.72723	39.505	乌达
2	118.956806	42.275317	赤峰
3	118.95755	42.24312	红山
3	119.28921	42.04005	元宝山
3	118.9328	42.28613	松山
3	120.06527	43.87988	阿鲁科尔沁旗
3	119.38012	43.97031	巴林左旗
3	118.66461	43.53387	巴林右旗
3	118.04733	43.61165	林西
3	117.54562	43.26501	克什克腾旗
3	119.03042	42.93147	翁牛特旗
3	118.70144	41.92917	喀喇沁旗
3	119.34375	41.59661	宁城
3	119.92163	42.29071	敖汉旗
2	122.263119	43.617429	通辽
3	122.25573	43.62257	科尔沁
3	123.31912	44.13014	科尔沁左翼中旗
3	122.35745	42.94897	科尔沁左翼后旗
3	121.31884	43.60003	开鲁
3	121.776	42.72998	库伦旗
3	120.66348	42.84527	奈曼旗
3	120.91507	44.55592	扎鲁特旗
3	119.65429	45.53454	霍林郭勒
2	109.99029	39.817179	鄂尔多斯
3	109.96289	39.82236	东胜
3	110.03317	40.4001	达拉特旗
3	111.23645	39.86783	准格尔旗
3	107.48403	38.18396	鄂托克前旗
3	107.98226	39.09456	鄂托克旗
3	108.72934	39.84023	杭锦旗
3	108.8461	38.59092	乌审旗
3	109.74908	39.57393	伊金霍洛旗
2	119.758168	49.215333	呼伦贝尔
3	119.7364	49.2122	海拉尔
3	117.792702	49.486943	扎赉诺尔
3	123.45941	48.12581	阿荣旗
3	124.51498	48.48055	莫旗
3	123.72604	50.59777	鄂伦春
3	119.7565	49.14284	鄂温
3	119.42434	49.32684	陈巴尔虎旗
3	118.26989	48.21842	新巴尔虎左旗
3	116.82366	48.66473	新巴尔虎右旗
3	117.47946	49.58272	满洲里
3	120.7117	49.2856	牙克石
3	122.73757	48.01363	扎兰屯
3	120.19094	50.24249	额尔古纳
3	121.52197	50.77996	根河
2	107.416959	40.757402	巴彦淖尔
3	107.42668	40.75827	临河
3	108.26916	41.09631	五原
3	107.00936	40.33062	磴口
3	108.65219	40.73649	乌拉特前旗
3	108.52587	41.56789	乌拉特中旗
3	106.98971	41.43151	乌拉特后旗
3	107.15133	40.88627	杭锦后旗
2	113.114543	41.034126	乌兰察布
3	113.11452	41.0353	集宁
3	112.57757	40.89414	卓资
3	114.01071	41.90433	化德
3	113.57772	41.56213	商都
3	113.83395	40.87186	兴和
3	112.49569	40.53346	凉城
3	113.22131	40.7788	察右前旗
3	112.63537	41.27742	察右中旗
3	113.19216	41.43554	察右后旗
3	111.70654	41.53312	四子王旗
3	113.10983	40.4369	丰镇
2	122.070317	46.076268	兴安盟
3	122.06378	46.06235	乌兰浩特
3	119.94317	47.17716	阿尔山
3	121.95269	46.0795	科右前旗
3	121.46807	45.05605	科右中旗
3	122.91229	46.7267	扎赉特旗
3	121.59396	45.38187	突泉
2	116.090996	43.944018	锡林郭勒盟
3	111.98297	43.65303	二连浩特
3	116.08603	43.93341	锡林浩特
3	114.96826	44.02174	阿巴嘎旗
3	113.6506	43.85687	苏尼特左旗
3	112.65741	42.7469	苏尼特右旗
3	116.97293	45.51108	东乌旗
3	117.60983	44.59623	西乌旗
3	115.28302	41.87727	太仆寺旗
3	113.84472	42.23927	镶黄旗
3	115.00067	42.30712	正镶白旗
3	116.00363	42.25229	正蓝旗
3	116.48565	42.203	多伦
2	105.706422	38.844814	阿拉善盟
3	105.67532	38.8293	阿拉善左旗
3	101.66705	39.21533	阿拉善右旗
3	101.06887	41.96755	额济纳旗
2	123.429096	41.796767	沈阳
3	123.4204	41.78997	和平
3	123.45871	41.79625	沈河
3	123.46997	41.80539	大东
3	123.42527	41.82035	皇姑
3	123.37675	41.80269	铁西
3	123.34405	41.66475	苏家屯
3	123.457707	41.719450	浑南
3	123.52658	42.05297	沈北新区
3	123.30807	41.794	于洪
3	122.72659	41.51302	辽中
3	123.35446	42.75081	康平
3	123.41214	42.50608	法库
3	122.82867	41.99847	新民
2	121.618622	38.91459	大连
3	121.64465	38.91859	中山
3	121.61238	38.91469	西岗
3	121.58017	38.90536	沙河口
3	121.56567	38.95017	甘井子
3	121.26202	38.85125	旅顺口
3	121.71893	39.1004	金州
3	122.58859	39.27274	长海
3	121.98104	39.62843	瓦房店
3	121.96316	39.39465	普兰店
3	122.96725	39.68815	庄河
2	122.995632	41.110626	鞍山
3	122.99085	41.08975	铁东
3	122.96967	41.11977	铁西
3	123.02948	41.15008	立山
3	122.96048	41.07507	千山
3	122.43585	41.41265	台安
3	123.28875	40.27996	岫岩
3	122.68457	40.88142	海城
2	123.921109	41.875956	抚顺
3	123.91264	41.86205	新抚
3	124.03759	41.8519	东洲
3	123.78283	41.85532	望花
3	123.94506	41.88321	顺城
3	124.17755	41.71217	抚顺
3	125.04049	41.73409	新宾
3	124.92807	42.10221	清原
2	123.770519	41.297909	本溪
3	123.76892	41.2997	平山
3	123.76764	41.32921	溪湖
3	123.81746	41.30827	明山
3	123.74523	41.1006	南芬
3	124.12741	41.30059	本溪
3	125.36062	41.26798	桓仁
2	124.383044	40.124296	丹东
3	124.39575	40.13651	元宝
3	124.36035	40.10489	振兴
3	124.42816	40.15826	振安
3	124.78247	40.73187	宽甸
3	124.16287	39.86256	东港
3	124.06671	40.45302	凤城
2	121.135742	41.119269	锦州
3	121.12832	41.11725	古塔
3	121.15089	41.11496	凌河
3	121.10354	41.10929	太和
3	122.12081	41.69417	黑山
3	121.24035	41.53458	义县
3	121.35705	41.1737	凌海
3	121.79858	41.59537	北镇
2	122.235151	40.667432	营口
3	122.25896	40.67266	站前
3	122.20641	40.6664	西市
3	122.13266	40.26865	鲅鱼圈
3	122.37996	40.6803	老边
3	122.35464	40.40446	盖州
3	122.50927	40.64567	大石桥
2	121.648962	42.011796	阜新
3	121.65626	42.01336	海州
3	121.79251	42.09181	新邱
3	121.67865	42.01065	太平
3	121.4161	41.78309	清河门
3	121.68013	42.02533	细河
3	121.75787	42.0651	阜新
3	122.54022	42.38625	彰武
2	123.18152	41.269402	辽阳
3	123.1747	41.27025	白塔
3	123.18521	41.26267	文圣
3	123.1929	41.21852	宏伟
3	123.41963	41.15181	弓长岭
3	123.18182	41.25337	太子河
3	123.10574	41.20542	辽阳
3	123.33926	41.42612	灯塔
2	122.06957	41.124484	盘锦
3	122.06011	41.1906	双台子
3	122.07529	41.12402	兴隆台
3	122.08239	41.00244	大洼
3	121.99777	41.23805	盘山
2	123.844279	42.290585	铁岭
3	123.8573	42.29507	银州
3	124.15911	42.54679	清河
3	123.77325	42.22498	铁岭
3	124.7304	42.73756	西丰
3	124.11206	42.78428	昌图
3	123.56689	42.4675	调兵山
3	124.03945	42.54585	开原
2	120.451176	41.576758	朝阳
3	120.45385	41.566	双塔
3	120.43719	41.59264	龙城
3	120.17401	41.4324	朝阳
3	119.64392	41.40315	建平
3	119.74185	41.12801	喀喇沁左翼
3	120.76977	41.80196	北票
3	119.40148	41.24558	凌源
2	120.856394	40.755572	葫芦岛
3	120.86393	40.75554	连山
3	120.94866	40.71919	龙港
3	120.74978	41.10707	南票
3	120.34451	40.32552	绥中
3	119.8377	40.82448	建昌
3	120.72537	40.61492	兴城
2	121.789627	39.055451	金普新区
3	121.784821	39.052252	金州新区
3	121.812812	39.330093	普湾新区
3	121.94289	39.224614	保税区
2	125.3245	43.886841	长春
3	125.35035	43.86401	南关
3	125.32635	43.90182	宽城
3	125.2883	43.83339	朝阳
3	125.37429	43.86501	二道
3	125.25582	43.88045	绿园
3	125.65631	43.52803	双阳
3	125.8395	44.15163	九台
3	125.18481	44.43265	农安
3	126.55688	44.82523	榆树
3	125.70538	44.53719	德惠
2	126.55302	43.843577	吉林
3	126.57424	43.88183	昌邑
3	126.56213	43.91054	龙潭
3	126.54096	43.83344	船营
3	126.56237	43.82236	丰满
3	126.4963	43.67197	永吉
3	127.34426	43.72696	蛟河
3	126.74624	42.97206	桦甸
3	126.9653	44.40582	舒兰
3	126.0625	42.94628	磐石
2	124.370785	43.170344	四平
3	124.37369	43.17456	铁西
3	124.40976	43.16241	铁东
3	124.33563	43.30717	梨树
3	125.30596	43.34434	伊通
3	124.82266	43.50453	公主岭
3	123.50106	43.52099	双辽
2	125.145349	42.902692	辽源
3	125.13641	42.89714	龙山
3	125.14904	42.927	西安
3	125.53244	42.6783	东丰
3	124.98596	42.92492	东辽
2	125.936501	41.721177	通化
3	125.9551	41.72849	东昌
3	126.04257	41.7741	二道江
3	125.75936	41.67928	通化
3	126.04684	42.68497	辉南
3	125.74475	42.28468	柳河
3	125.71041	42.53828	梅河口
3	126.18829	41.12268	集安
2	126.427839	41.942505	白山
3	126.422342	41.945656	浑江
3	126.59079	42.05664	江源
3	127.2803	42.34198	抚松
3	126.81308	42.38863	靖宇
3	128.20047	41.41996	长白
3	126.91751	41.81142	临江
2	124.823608	45.118243	松原
3	124.81689	45.17175	宁江
3	124.82351	45.11726	前郭尔罗斯
3	123.96725	44.27581	长岭
3	124.02737	45.01068	乾安
3	126.042758	44.986199	扶余
2	122.841114	45.619026	白城
3	122.85104	45.62167	洮北
3	123.19924	45.84779	镇赉
3	123.08761	44.81388	通榆
3	122.78772	45.33502	洮南
3	124.29519	45.50846	大安
2	129.513228	42.904823	延边
3	129.51357	42.90682	延吉
3	129.84381	42.96801	图们
3	128.23242	43.37304	敦化
3	130.36572	42.86242	珲春
3	129.42584	42.76804	龙井
3	129.01077	42.5464	和龙
3	129.77121	43.31278	汪清
3	128.90625	43.11533	安图
2	126.642464	45.756967	哈尔滨
3	126.61705	45.75586	道里
3	126.66854	45.75996	南岗
3	126.64938	45.79187	道外
3	126.63729	45.59777	平房
3	126.56276	45.80831	松北
3	126.67968	45.72383	香坊
3	126.58792	45.88895	呼兰
3	126.97525	45.54144	阿城
3	126.308784	45.377942	双城
3	129.56817	46.3247	依兰
3	128.82952	45.85162	方正
3	127.48675	45.75504	宾县
3	127.40799	46.08148	巴彦
3	128.0448	45.94944	木兰
3	128.74603	45.99007	通河
3	128.33419	45.4554	延寿
3	127.96191	45.21736	尚志
3	127.16751	44.93184	五常
2	123.953486	47.348079	齐齐哈尔
3	123.95752	47.31776	龙沙
3	124.0133	47.36718	建华
3	123.97821	47.34075	铁锋
3	123.82229	47.15513	昂昂溪
3	123.62918	47.20884	富拉尔基
3	122.88183	47.51662	碾子山
3	123.75274	47.30946	梅里斯
3	123.20532	47.33868	龙江
3	125.30896	47.8931	依安
3	123.42285	46.39386	泰来
3	123.50317	47.92437	甘南
3	124.47457	47.77431	富裕
3	125.87396	48.03265	克山
3	126.24917	48.03828	克东
3	126.09167	47.60817	拜泉
3	124.87713	48.48388	讷河
2	130.975966	45.300046	鸡西
3	130.98139	45.30396	鸡冠
3	130.90493	45.21071	恒山
3	130.84841	45.35109	滴道
3	130.69848	45.09037	梨树
3	131.01132	45.33689	城子河
3	130.47811	45.21209	麻山
3	131.12423	45.26025	鸡东
3	132.93679	45.76291	虎林
3	131.84625	45.5297	密山
2	130.277487	47.332085	鹤岗
3	130.2943	47.34247	向阳
3	130.27468	47.31869	工农
3	130.27676	47.31404	南山
3	130.23965	47.2526	兴安
3	130.31706	47.33853	东山
3	130.29271	47.35776	兴山
3	130.83346	47.57959	萝北
3	131.86029	47.2903	绥滨
2	131.157304	46.643442	双鸭山
3	131.15841	46.64635	尖山
3	131.16473	46.59043	岭东
3	131.33593	46.59499	四方台
3	131.4016	46.57718	宝山
3	131.14053	46.72678	集贤
3	131.80789	46.76739	友谊
3	132.19695	46.32716	宝清
3	134.01986	46.79899	饶河
2	125.11272	46.590734	大庆
3	125.08792	46.59359	萨尔图
3	125.11657	46.53273	龙凤
3	124.87075	46.6522	让胡路
3	124.89248	46.40128	红岗
3	124.81591	46.03295	大同
3	125.27059	45.70414	肇州
3	125.08456	45.52032	肇源
3	124.87564	47.18601	林甸
3	124.44937	46.86507	杜尔伯特
2	128.899396	47.724775	伊春
3	128.90752	47.728	伊春
3	129.28362	47.13897	南岔
3	128.84039	47.85371	友好
3	129.31201	47.48103	西林
3	128.66729	47.72503	翠峦
3	129.53653	48.29067	新青
3	129.13708	47.63513	美溪
3	129.43768	47.41349	金山屯
3	129.24545	48.10791	五营
3	128.79672	47.728	乌马河
3	129.57226	48.45182	汤旺河
3	129.02352	47.02553	带岭
3	129.43981	48.59602	乌伊岭
3	129.3887	48.23944	红星
3	129.02447	47.97522	上甘岭
3	130.39825	48.8917	嘉荫
3	128.0317	46.98571	铁力
2	130.361634	46.809606	佳木斯
3	130.36519	46.80778	向阳
3	130.37497	46.81401	前进
3	130.40366	46.82257	东风
3	130.32731	46.80958	郊区
3	130.55361	46.23921	桦南
3	130.71893	47.02297	桦川
3	129.90966	46.72755	汤原
3	134.29595	48.36794	抚远
3	132.51095	47.64211	同江
3	132.03707	47.25132	富锦
2	131.015584	45.771266	七台河
3	130.93212	45.81624	新兴
3	131.01786	45.76782	桃山
3	131.06807	45.78519	茄子河
3	130.59179	45.755	勃利
2	129.618602	44.582962	牡丹江
3	129.62665	44.58133	东安
3	129.63547	44.59603	阳明
3	129.59077	44.59648	爱民
3	129.61616	44.57766	西安
3	131.12793	44.0661	东宁
3	130.28393	45.27809	林口
3	131.15139	44.41249	绥芬河
3	129.38156	44.59	海林
3	129.48303	44.34016	宁安
3	130.52465	44.919	穆棱
2	127.499023	50.249585	黑河
3	127.50074	50.25202	爱辉
3	125.22607	49.17844	嫩江
3	128.47882	49.57983	逊克
3	127.33599	49.42539	孙吴
3	126.48193	48.23872	北安
3	126.20294	48.51507	五大连池
2	126.99293	46.637393	绥化
3	126.98564	46.63735	北林
3	126.48187	46.83079	望奎
3	126.28994	46.2525	兰西
3	126.11325	46.68534	青冈
3	127.50753	46.88016	庆安
3	125.90594	47.17327	明水
3	127.11584	47.24267	绥棱
3	125.34375	46.4177	安达
3	125.96243	46.05131	肇东
3	126.9682	47.46093	海伦
2	124.711526	52.335262	大兴安岭
3	124.30954	51.98144	加格达奇
3	124.397983	51.67341	新林
3	124.189713	51.985453	松岭
3	123.60009	52.03346	呼中
3	126.66174	51.73112	呼玛
3	124.70999	52.33431	塔河
3	122.53759	52.97003	漠河
2	121.472644	31.231706	上海
3	121.49295	31.22337	黄浦
3	121.43676	31.18831	徐汇
3	121.42462	31.22036	长宁
3	121.4444	31.22884	静安
3	121.39703	31.24951	普陀
3	121.44636	31.28075	闸北
3	121.48162	31.27788	虹口
3	121.526	31.2595	杨浦
3	121.38162	31.11246	闵行
3	121.4891	31.4045	宝山
3	121.2655	31.37473	嘉定
3	121.5447	31.22249	浦东
3	121.34164	30.74163	金山
3	121.22879	31.03222	松江
3	121.12417	31.14974	青浦
3	121.47412	30.9179	奉贤
3	121.39758	31.62278	崇明
2	118.767413	32.041544	南京
3	118.79772	32.04856	玄武
3	118.79815	32.01112	秦淮
3	118.76641	32.03096	建邺
3	118.76974	32.06632	鼓楼
3	118.62802	32.05881	浦口
3	118.88064	32.11352	栖霞
3	118.7799	31.99202	雨花台
3	118.8399	31.95263	江宁
3	118.8413	32.34222	六合
3	119.028732	31.653061	溧水
3	118.87589	31.327132	高淳
2	120.301663	31.574729	无锡
3	120.29975	31.58002	崇安
3	120.30873	31.56359	南长
3	120.29405	31.60592	北塘
3	120.35699	31.5886	锡山
3	120.29849	31.68088	惠山
3	120.29461	31.52162	滨湖
3	120.2853	31.91996	江阴
3	119.82357	31.33978	宜兴
2	117.184811	34.261792	徐州
3	117.18559	34.28851	鼓楼
3	117.23053	34.24895	云龙
3	117.45346	34.44264	贾汪
3	117.19378	34.24418	泉山
3	117.183894	34.19288	铜山
3	116.59957	34.69972	丰县
3	116.93743	34.72163	沛县
3	117.94104	33.91269	睢宁
3	118.35452	34.36942	新沂
3	117.95858	34.33329	邳州
2	119.946973	31.772752	常州
3	119.95132	31.75211	天宁
3	119.90178	31.80221	钟楼
3	120.06106	31.71956	戚墅堰
3	119.97131	31.83046	新北
3	119.94244	31.70086	武进
3	119.4837	31.41538	溧阳
3	119.57757	31.74043	金坛
2	120.619585	31.299379	苏州
3	120.57345	31.2953	虎丘
3	120.63211	31.26226	吴中
3	120.64239	31.36889	相城
3	120.619585	31.299379	姑苏
3	120.638317	31.159815	吴江
3	120.75225	31.65374	常熟
3	120.55538	31.87532	张家港
3	120.98074	31.38464	昆山
3	121.10891	31.4497	太仓
2	120.864608	32.016212	南通
3	120.8573	32.0098	崇川
3	120.81778	32.03163	港闸
3	121.07293	32.0676	通州
3	120.45852	32.54514	海安
3	121.18942	32.31439	如东
3	121.65985	31.81083	启东
3	120.55969	32.37597	如皋
3	121.16995	31.89422	海门
2	119.178821	34.600018	连云港
3	119.37304	34.75293	连云
3	119.13128	34.56986	海州
3	119.128774	34.839154	赣榆
3	118.77145	34.54215	东海
3	119.23925	34.28391	灌云
3	119.35632	34.09	灌南
2	119.021265	33.597506	淮安
3	119.00778	33.59949	清河
3	119.021265	33.597506	淮安
3	119.03485	33.63171	淮阴
3	119.02648	33.55232	清浦
3	119.26083	33.78094	涟水
3	118.87344	33.29429	洪泽
3	118.54495	33.01086	盱眙
3	119.02307	33.02219	金湖
2	120.139998	33.377631	盐城
3	120.16583	33.37825	亭湖
3	120.15441	33.3373	盐都
3	119.56985	34.20513	响水
3	119.82058	33.98972	滨海
3	119.80175	33.78228	阜宁
3	120.26043	33.77636	射阳
3	119.79852	33.47241	建湖
3	120.32376	32.85078	东台
3	120.46594	33.19893	大丰
2	119.421003	32.393159	扬州
3	119.43186	32.39472	广陵
3	119.39816	32.3765	邗江
3	119.567481	32.426564	江都
3	119.31213	33.23549	宝应
3	119.18432	32.27197	仪征
3	119.45965	32.78135	高邮
2	119.452753	32.204402	镇江
3	119.46947	32.19809	京口
3	119.41134	32.19523	润州
3	119.43383	32.13183	丹徒
3	119.57525	31.99121	丹阳
3	119.79718	32.2363	扬中
3	119.16482	31.95591	句容
2	119.915176	32.484882	泰州
3	119.91942	32.49101	海陵
3	119.88089	32.31833	高港
3	120.148208	32.508483	姜堰
3	119.85238	32.90944	兴化
3	120.27291	32.01595	靖江
3	120.05194	32.17187	泰兴
2	118.293328	33.945154	宿迁
3	118.29141	33.94219	宿城
3	118.32922	33.94673	宿豫
3	118.76873	34.11446	沭阳
3	118.7033	33.72096	泗阳
3	118.21716	33.45996	泗洪
2	120.153576	30.287459	杭州
3	120.16922	30.24255	上城
3	120.18096	30.28153	下城
3	120.20517	30.2572	江干
3	120.14209	30.31968	拱墅
3	120.12979	30.25949	西湖
3	120.21194	30.20835	滨江
3	120.26452	30.18505	萧山
3	120.29986	30.41829	余杭
3	119.68853	29.79779	桐庐
3	119.04257	29.60988	淳安
3	119.28158	29.47603	建德
3	119.96041	30.04878	富阳
3	119.72473	30.23447	临安
2	121.549792	29.868388	宁波
3	121.55106	29.85977	海曙
3	121.57028	29.86701	江东
3	121.55681	29.88776	江北
3	121.84408	29.90069	北仑
3	121.71615	29.94893	镇海
3	121.54754	29.81614	鄞州
3	121.86917	29.47758	象山
3	121.43072	29.2889	宁海
3	121.15341	30.03867	余姚
3	121.26641	30.16959	慈溪
3	121.41003	29.65537	奉化
2	120.672111	28.000575	温州
3	120.65505	28.01489	鹿城
3	120.83053	27.91284	龙湾
3	120.63751	28.00714	瓯海
3	121.15606	27.83634	洞头
3	120.69317	28.15456	永嘉
3	120.56506	27.66245	平阳
3	120.42608	27.51739	苍南
3	120.09063	27.78678	文成
3	119.7182	27.55694	泰顺
3	120.65466	27.78041	瑞安
3	120.9617	28.12404	乐清
2	120.750865	30.762653	嘉兴
3	120.78524	30.74865	南湖
3	120.70867	30.76454	秀洲
3	120.92559	30.82993	嘉善
3	120.9457	30.52547	海盐
3	120.6813	30.5097	海宁
3	121.02166	30.69618	平湖
3	120.56485	30.6302	桐乡
2	120.102398	30.867198	湖州
3	120.12548	30.85752	吴兴
3	120.42038	30.86686	南浔
3	119.97836	30.53369	德清
3	119.90783	31.00606	长兴
3	119.68158	30.63798	安吉
2	120.582112	29.997117	绍兴
3	120.5819	29.98895	越城
3	120.492736	30.08763	柯桥
3	120.476075	30.078038	上虞
3	120.90435	29.49991	新昌
3	120.23629	29.71358	诸暨
3	120.82174	29.58854	嵊州
2	119.649506	29.089524	金华
3	119.57135	29.09521	婺城
3	119.69302	29.0991	金东
3	119.8164	28.89331	武义
3	119.89181	29.45353	浦江
3	120.45022	29.05733	磐安
3	119.45965	29.20841	兰溪
3	120.0744	29.30558	义乌
3	120.24185	29.28942	东阳
3	120.04727	28.88844	永康
2	118.87263	28.941708	衢州
3	118.87109	28.96858	柯城
3	118.9598	28.97977	衢江
3	118.51025	28.90191	常山
3	118.41616	29.13785	开化
3	119.17221	29.02823	龙游
3	118.62674	28.7386	江山
2	122.106863	30.016028	舟山
3	122.10677	30.01985	定海
3	122.30278	29.94908	普陀
3	122.20486	30.24385	岱山
3	122.45129	30.72678	嵊泗
2	121.428599	28.661378	台州
3	121.44287	28.67301	椒江
3	121.25891	28.65077	黄岩
3	121.37381	28.58016	路桥
3	121.23242	28.13637	玉环
3	121.3937	29.1051	三门
3	121.00848	29.1429	天台
3	120.72872	28.84672	仙居
3	121.38595	28.37176	温岭
3	121.13885	28.85603	临海
2	119.921786	28.451993	丽水
3	119.9127	28.44583	莲都
3	120.29028	28.13897	青田
3	120.09036	28.65944	缙云
3	119.27606	28.59291	遂昌
3	119.48199	28.4494	松阳
3	119.57287	28.11643	云和
3	119.06256	27.61842	庆元
3	119.63839	27.97393	景宁
3	119.14163	28.0743	龙泉
2	122.317657	29.813242	舟山新区
3	121.893373	30.040641	金塘
3	122.14265	29.662938	六横
3	122.358425	30.442642	衢山
3	122.03064	30.140377	舟山
3	122.180123	30.277269	岱山
3	122.45803	30.725112	泗礁
3	122.390636	29.916303	朱家尖
3	121.995891	30.094637	洋山
3	122.284681	30.24888	长涂
3	122.244686	29.752941	虾峙
2	117.283042	31.86119	合肥
3	117.30947	31.85809	瑶海
3	117.26452	31.87874	庐阳
3	117.26104	31.85117	蜀山
3	117.30984	31.79502	包河
3	117.16549	32.47959	长丰
3	117.47128	31.88525	肥东
3	117.16845	31.72143	肥西
3	117.289844	31.251488	庐江
3	117.874155	31.600518	巢湖
2	118.376451	31.326319	芜湖
3	118.38525	31.34038	镜湖
3	118.37265	31.31178	弋江
3	118.39215	31.36928	鸠江
3	118.22509	31.20703	三山
3	118.57525	31.13476	芜湖
3	118.19982	31.08319	繁昌
3	118.33688	30.91969	南陵
3	117.911432	31.303075	无为
2	117.36237	32.934037	蚌埠
3	117.39379	32.94301	龙子湖
3	117.36767	32.94411	蚌山
3	117.35315	32.93336	禹会
3	117.35983	32.96423	淮上
3	117.20507	32.97007	怀远
3	117.89144	33.14457	五河
3	117.31558	33.31803	固镇
2	117.025449	32.645947	淮南
3	117.05255	32.63265	大通
3	117.01739	32.64697	田家庵
3	116.86377	32.59818	谢家集
3	116.83694	32.62941	八公山
3	116.81622	32.78287	潘集
3	116.71569	32.70752	凤台
2	118.507906	31.689362	马鞍山
3	118.51231	31.7001	花山
3	118.49869	31.68219	雨山
3	118.844387	31.561871	博望
3	118.49786	31.57098	当涂
3	118.105545	31.727758	含山
3	118.351405	31.741794	和县
2	116.794664	33.971707	淮北
3	116.82998	33.99363	杜集
3	116.79464	33.95979	相山
3	116.81448	33.89355	烈山
3	116.76785	33.91455	濉溪
2	117.816576	30.929935	铜陵
3	117.81525	30.93423	铜官山
3	117.89178	30.92631	狮子山
3	117.80868	30.91976	郊区
3	117.79113	30.95365	铜陵
2	117.053571	30.524816	安庆
3	117.0493	30.50421	迎江
3	117.03426	30.51216	大观
3	117.06127	30.50783	宜秀
3	116.82968	30.73376	怀宁
3	117.22015	30.69956	枞阳
3	116.57574	30.63037	潜山
3	116.3088	30.4541	太湖
3	116.12915	30.1536	宿松
3	116.68814	30.12585	望江
3	116.35995	30.84983	岳西
3	116.95071	31.05216	桐城
2	118.317325	29.709239	黄山
3	118.33368	29.71138	屯溪
3	118.1416	30.2729	黄山
3	118.33654	29.82784	徽州
3	118.43676	29.86745	歙县
3	118.18136	29.78607	休宁
3	117.94137	29.92588	黟县
3	117.71847	29.85723	祁门
2	118.316264	32.303627	滁州
3	118.30538	32.29521	琅琊
3	118.31222	32.31861	南谯
3	118.43438	32.45176	来安
3	118.27291	32.08524	全椒
3	117.68035	32.52488	定远
3	117.56454	32.86507	凤阳
3	118.99868	32.69124	天长
3	117.99093	32.77819	明光
2	115.819729	32.896969	阜阳
3	115.80694	32.88346	颍州
3	115.85659	32.91296	颍东
3	115.80712	32.9249	颍泉
3	115.26232	33.06758	临泉
3	115.62191	33.16025	太和
3	115.58563	32.63551	阜南
3	116.26458	32.62998	颍上
3	115.37445	33.25714	界首
2	116.984084	33.633891	宿州
3	116.97731	33.64058	埇桥
3	116.35363	34.42356	砀山
3	116.94546	34.1879	萧县
3	117.55813	33.54339	灵璧
3	117.91033	33.48295	泗县
2	116.507676	31.752889	六安
3	116.50912	31.75573	金安
3	116.47985	31.73787	裕安
3	116.78466	32.57653	寿县
3	116.27795	32.353	霍邱
3	116.94491	31.46413	舒城
3	115.93463	31.7351	金寨
3	116.33291	31.3929	霍山
2	115.782939	33.869338	亳州
3	115.77941	33.87532	谯城
3	116.21682	33.50911	涡阳
3	116.5646	33.26477	蒙城
3	116.208	33.14198	利辛
2	117.489157	30.656037	池州
3	117.48722	30.65283	贵池
3	117.02719	30.0969	东至
3	117.48666	30.21042	石台
3	117.84744	30.63932	青阳
2	118.757995	30.945667	宣城
3	118.75462	30.94439	宣州
3	119.17923	31.12599	郎溪
3	119.41769	30.89371	广德
3	118.41964	30.69498	泾县
3	118.59765	30.07069	绩溪
3	118.54299	30.28898	旌德
3	118.98349	30.6238	宁国
2	119.306239	26.075302	福州
3	119.30384	26.08225	鼓楼
3	119.30899	26.06204	台江
3	119.31543	26.04335	仓山
3	119.4555	25.98942	马尾
3	119.32828	26.0818	晋安
3	119.13388	26.15014	闽侯
3	119.53433	26.19466	连江
3	119.5509	26.48752	罗源
3	118.8623	26.21901	闽清
3	118.936	25.86816	永泰
3	119.791197	25.503672	平潭
3	119.38507	25.72086	福清
3	119.52313	25.96276	长乐
2	118.11022	24.490474	厦门
3	118.08233	24.44543	思明
3	118.03289	24.48461	海沧
3	118.14621	24.51253	湖里
3	118.09719	24.57584	集美
3	118.15197	24.72308	同安
3	118.24783	24.61863	翔安
2	119.007558	25.431011	莆田
3	118.99462	25.41872	城厢
3	119.11621	25.45876	涵江
3	119.01339	25.43369	荔城
3	119.10553	25.31831	秀屿
3	118.69177	25.36214	仙游
2	117.635001	26.265444	三明
3	117.64585	26.27171	梅列
3	117.60788	26.23372	三元
3	117.20498	26.35294	明溪
3	116.8146	26.17144	清流
3	116.66101	26.25874	宁化
3	117.8471	25.6926	大田
3	118.19049	26.17002	尤溪
3	117.79266	26.39615	沙县
3	117.47317	26.72837	将乐
3	117.17578	26.9001	泰宁
3	116.84603	26.83091	建宁
3	117.36517	25.94136	永安
2	118.589421	24.908853	泉州
3	118.56591	24.88741	鲤城
3	118.61328	24.89119	丰泽
3	118.67111	24.93984	洛江
3	118.91586	25.12005	泉港
3	118.79687	25.03059	惠安
3	118.18719	25.05627	安溪
3	118.29437	25.32183	永春
3	118.24176	25.49224	德化
3	118.32263	24.42922	金门
3	118.64779	24.73242	石狮
3	118.55194	24.78141	晋江
3	118.38589	24.96055	南安
2	117.661801	24.510897	漳州
3	117.65402	24.51081	芗城
3	117.70971	24.50323	龙文
3	117.34051	23.95534	云霄
3	117.61367	24.11706	漳浦
3	117.17501	23.71148	诏安
3	117.75924	24.62526	长泰
3	117.42822	23.70109	东山
3	117.35736	24.51448	南靖
3	117.3124	24.36395	平和
3	117.54077	25.00563	华安
3	117.81802	24.44655	龙海
2	118.178459	26.635627	南平
3	118.18189	26.63745	延平
3	118.12267	27.332067	建阳
3	117.8103	26.79298	顺昌
3	118.54007	27.91888	浦城
3	117.33346	27.54231	光泽
3	118.78533	27.52624	松溪
3	118.85571	27.36769	政和
3	117.4924	27.34033	邵武
3	118.03665	27.75543	武夷山
3	118.29766	27.02301	建瓯
2	117.02978	25.091603	龙岩
3	117.03693	25.09834	新罗
3	116.35888	25.82773	长汀
3	116.73199	24.72302	永定
3	116.42022	25.04943	上杭
3	116.10229	25.09244	武平
3	116.75454	25.7103	连城
3	117.41992	25.29109	漳平
2	119.527082	26.65924	宁德
3	119.52643	26.66048	蕉城
3	119.99893	26.88578	霞浦
3	118.74688	26.57682	古田
3	118.98861	26.91099	屏南
3	119.5039	27.45996	寿宁
3	119.33837	27.10664	周宁
3	119.89971	27.23543	柘荣
3	119.6495	27.08673	福安
3	120.21664	27.3243	福鼎
2	115.892151	28.676493	南昌
3	115.8988	28.68505	东湖
3	115.87728	28.65688	西湖
3	115.915	28.63199	青云谱
3	115.73104	28.71529	湾里
3	115.9617	28.68206	青山湖
3	115.94393	28.54559	南昌
3	115.81546	28.69248	新建
3	115.54879	28.84602	安义
3	116.24087	28.37679	进贤
2	117.214664	29.29256	景德镇
3	117.18359	29.27321	昌江
3	117.20233	29.30127	珠山
3	117.21517	29.35156	浮梁
3	117.12887	28.96295	乐平
2	113.852186	27.622946	萍乡
3	113.89135	27.61653	安源
3	113.73294	27.64007	湘东
3	113.96142	27.12866	莲花
3	113.79403	27.87467	上栗
3	114.02951	27.63063	芦溪
2	115.992811	29.712034	九江
3	115.98904	29.67177	庐山
3	115.98986	29.72786	浔阳
3	115.91128	29.60852	九江
3	115.10061	29.2584	武宁
3	114.54684	29.02539	修水
3	115.80911	29.02093	永修
3	115.75601	29.31341	德安
3	116.04492	29.44608	星子
3	116.20401	29.27327	都昌
3	116.21853	29.73818	湖口
3	116.55011	29.89589	彭泽
3	115.66705	29.67183	瑞昌
3	115.801939	29.238785	共青城
2	114.930835	27.810834	新余
3	114.944	27.80098	渝水
3	114.69189	27.81475	分宜
2	117.033838	28.238638	鹰潭
3	117.03732	28.23913	月湖
3	116.81851	28.21034	余江
3	117.24246	28.2926	贵溪
2	114.940278	25.85097	赣州
3	114.94284	25.8624	章贡
3	114.756933	25.661721	南康
3	115.01171	25.86149	赣县
3	114.92279	25.38612	信丰
3	114.35757	25.39561	大余
3	114.54138	25.79567	上犹
3	114.30835	25.68186	崇义
3	115.39483	25.1371	安远
3	114.78994	24.91086	龙南
3	115.02713	24.78395	定南
3	114.5292	24.74324	全南
3	116.01565	26.47227	宁都
3	115.41415	25.95257	于都
3	115.36309	26.33776	兴国
3	115.78555	25.60068	会昌
3	115.64852	24.95513	寻乌
3	116.3442	26.32617	石城
3	116.02703	25.88557	瑞金
2	114.986373	27.111699	吉安
3	114.97598	27.10669	吉州
3	115.01747	27.10577	青原
3	114.90695	27.04048	吉安
3	115.1343	27.21071	吉水
3	115.31723	27.576	峡江
3	115.39306	27.74092	新干
3	115.44238	27.31785	永丰
3	114.90789	26.79113	泰和
3	114.51629	26.32598	遂川
3	114.78659	26.45931	万安
3	114.61956	27.39276	安福
3	114.24246	26.94488	永新
3	114.28949	26.74804	井冈山
2	114.391136	27.8043	宜春
3	114.38246	27.79649	袁州
3	115.40036	28.6879	奉新
3	114.4458	28.10656	万载
3	114.92459	28.23423	上高
3	114.7803	28.38555	宜丰
3	115.36279	28.86167	靖安
3	114.37036	28.52311	铜鼓
3	115.77114	28.15918	丰城
3	115.5465	28.05332	樟树
3	115.3753	28.4178	高安
2	116.358351	27.98385	抚州
3	116.35919	27.97721	临川
3	116.64419	27.55381	南城
3	116.90771	27.28232	黎川
3	116.5256	27.21842	南丰
3	116.06021	27.75962	崇仁
3	115.83108	27.42812	乐安
3	116.23626	27.55487	宜黄
3	116.77392	27.90753	金溪
3	117.06939	27.70493	资溪
3	116.59039	28.23614	东乡
3	116.32547	26.8341	广昌
2	117.971185	28.44442	上饶
3	117.96682	28.43121	信州
3	117.90884	28.44856	上饶
3	118.19158	28.43766	广丰
3	118.24462	28.6818	玉山
3	117.70996	28.31549	铅山
3	117.5964	28.40716	横峰
3	117.45929	28.37451	弋阳
3	116.69555	28.70206	余干
3	116.69967	29.0118	鄱阳
3	117.06884	28.69537	万年
3	117.86105	29.24841	婺源
3	117.57919	28.94736	德兴
2	117.000923	36.675807	济南
3	117.0768	36.66661	历下
3	116.99741	36.65101	市中区
3	116.90075	36.65136	槐荫
3	116.98749	36.67801	天桥
3	117.06509	36.67995	历城
3	116.75192	36.55352	长清
3	116.45587	36.28955	平阴
3	117.17327	36.97845	济阳
3	117.15722	37.31119	商河
3	117.53677	36.71392	章丘
2	120.369557	36.094406	青岛
3	120.38773	36.06671	市南
3	120.37469	36.08734	市北
3	120.19775	35.96065	黄岛
3	120.46923	36.10717	崂山
3	120.43286	36.14502	李沧
3	120.39621	36.30735	城阳
3	120.0335	36.26442	胶州
3	120.44699	36.38907	即墨
3	119.95996	36.78688	平度
3	120.51773	36.88804	莱西
3	120.19775	35.96065	西海岸
2	118.047648	36.814939	淄博
3	117.96655	36.64339	淄川
3	118.01788	36.80676	张店
3	117.86166	36.49469	博山
3	118.30966	36.8259	临淄
3	117.86969	36.80322	周村
3	118.09698	36.96036	桓台
3	117.82708	37.17197	高青
3	118.17105	36.18536	沂源
2	117.557964	34.856424	枣庄
3	117.55603	34.86391	市中区
3	117.26318	34.79498	薛城
3	117.59057	34.77225	峄城
3	117.73452	34.56363	台儿庄
3	117.4663	35.09541	山亭
3	117.165	35.10534	滕州
2	118.4963	37.461266	东营
3	118.5816	37.44875	东营
3	118.5249	37.88541	河口
3	118.54815	37.58825	垦利
3	118.25637	37.49157	利津
3	118.40704	37.05381	广饶
2	121.391382	37.539297	烟台
3	121.40023	37.54064	芝罘
3	121.26812	37.49841	福山
3	121.60067	37.38846	牟平
3	121.44512	37.51165	莱山
3	120.738	37.91754	长岛
3	120.50634	37.64064	龙口
3	120.71066	36.98012	莱阳
3	119.94137	37.17806	莱州
3	120.75988	37.81119	蓬莱
3	120.40481	37.36269	招远
3	120.85025	37.33571	栖霞
3	121.15976	36.77622	海阳
2	119.107078	36.70925	潍坊
3	119.10582	36.7139	潍城
3	119.21832	36.77504	寒亭
3	119.16476	36.65218	坊子
3	119.12532	36.70723	奎文
3	118.544	36.51216	临朐
3	118.83017	36.7078	昌乐
3	118.47915	36.68505	青州
3	119.40988	35.99662	诸城
3	118.74047	36.88128	寿光
3	119.2189	36.47847	安丘
3	119.75701	36.38397	高密
3	119.39767	36.86008	昌邑
2	116.587245	35.415393	济宁
3	116.59504	35.40659	任城
3	116.826546	35.552305	兖州
3	117.12875	34.80712	微山
3	116.64761	34.99674	鱼台
3	116.31146	35.065	金乡
3	116.34249	35.40836	嘉祥
3	116.48742	35.73295	汶上
3	117.27948	35.66113	泗水
3	116.09683	35.80322	梁山
3	116.98645	35.58091	曲阜
3	116.97335	35.40531	邹城
2	117.129063	36.194968	泰安
3	117.13446	36.19411	泰山
3	117.04174	36.1875	岱岳
3	116.80542	35.7599	宁阳
3	116.47113	35.93792	东平
3	117.76959	35.90887	新泰
3	116.76815	36.18247	肥城
2	122.116394	37.509691	威海
3	122.12344	37.50199	环翠
3	122.057139	37.196211	文登
3	122.48773	37.1652	荣成
3	121.53814	36.91918	乳山
2	119.461208	35.428588	日照
3	119.46237	35.42541	东港
3	119.31884	35.12203	岚山
3	119.207	35.75004	五莲
3	118.83789	35.58054	莒县
2	117.677736	36.214397	莱芜
3	117.65986	36.2032	莱城
3	117.8049	36.06319	钢城
2	118.326443	35.065282	临沂
3	118.34817	35.06872	兰山
3	118.28466	34.99627	罗庄
3	118.41055	35.08803	河东
3	118.47061	35.55131	沂南
3	118.36712	34.61354	郯城
3	118.63009	35.78731	沂水
3	117.856592	34.738315	兰陵
3	117.97836	35.26562	费县
3	117.63867	35.50573	平邑
3	118.83227	35.17539	莒南
3	117.94592	35.70996	蒙阴
3	118.65267	34.92091	临沭
2	116.307428	37.453968	德州
3	116.29943	37.45126	德城
3	116.57601	37.33571	陵城
3	116.79702	37.65301	宁津
3	117.38635	37.77616	庆云
3	116.86547	37.19053	临邑
3	116.75515	36.79532	齐河
3	116.43432	37.16632	平原
3	116.0017	36.94852	夏津
3	116.07009	37.21403	武城
3	117.23141	37.73164	乐陵
3	116.64309	36.93444	禹城
2	115.980367	36.456013	聊城
3	115.97383	36.44458	东昌府
3	115.79126	36.11444	阳谷
3	115.6697	36.23423	莘县
3	116.25491	36.57969	茌平
3	116.25012	36.33209	东阿
3	115.44195	36.48429	冠县
3	116.23172	36.86535	高唐
3	115.70629	36.83945	临清
2	118.016974	37.383542	滨州
3	118.02026	37.38524	滨城
3	118.13214	37.69832	沾化
3	117.51113	37.49013	惠民
3	117.58139	37.64198	阳信
3	117.61395	37.74009	无棣
3	118.1336	37.14316	博兴
3	117.74307	36.86295	邹平
3	118.016974	37.383542	北海新区
2	115.469381	35.246531	菏泽
3	115.41662	35.25091	牡丹
3	115.54226	34.82659	曹县
3	116.08703	34.79514	单县
3	115.8897	34.95332	成武
3	116.09497	35.39788	巨野
3	115.94439	35.60044	郓城
3	115.50997	35.56412	鄄城
3	115.57287	35.07118	定陶
3	115.09079	35.28906	东明
2	113.665412	34.757975	郑州
3	113.61333	34.74827	中原
3	113.63931	34.72336	二七
3	113.67734	34.75383	管城
3	113.66057	34.80028	金水
3	113.30897	34.80276	上街
3	113.61688	34.86735	惠济
3	113.97619	34.71899	中牟
3	113.022	34.74794	巩义
3	113.38345	34.78759	荥阳
3	113.3869	34.53704	新密
3	113.73645	34.3955	新郑
3	113.05023	34.45345	登封
2	114.341447	34.797049	开封
3	114.35484	34.79995	龙亭
3	114.36123	34.79586	顺河
3	114.35559	34.79517	鼓楼
3	114.34787	34.77693	禹王台
3	114.43859	34.75874	祥符
3	114.7828	34.55033	杞县
3	114.46716	34.47522	通许
3	114.19284	34.41223	尉氏
3	114.81961	34.8235	兰考
2	112.434468	34.663041	洛阳
3	112.46902	34.68364	老城
3	112.4371	34.67	西工
3	112.50018	34.67985	瀍河
3	112.39588	34.65823	涧西
3	112.58905	34.90088	吉利
3	112.46412	34.61866	洛龙
3	112.44351	34.826	孟津
3	112.13238	34.72814	新安
3	111.61779	33.78576	栾川
3	112.08526	34.13466	嵩县
3	112.47314	34.15387	汝阳
3	112.17907	34.51523	宜阳
3	111.65087	34.38913	洛宁
3	112.42947	34.42205	伊川
3	112.7922	34.7281	偃师
2	113.307718	33.735241	平顶山
3	113.29402	33.7373	新华
3	113.33511	33.73472	卫东
3	112.89879	33.89878	石龙
3	113.29252	33.7362	湛河
3	113.05493	33.86916	宝丰
3	113.35104	33.62225	叶县
3	112.9057	33.73879	鲁山
3	113.21588	33.97072	郏县
3	113.52417	33.2938	舞钢
3	112.84301	34.16135	汝州
2	114.352482	36.103442	安阳
3	114.35708	36.09046	文峰
3	114.35735	36.11872	北关
3	114.3034	36.1099	殷都
3	114.34814	36.11904	龙安
3	114.36605	36.06695	安阳
3	114.35839	35.92152	汤阴
3	114.52066	35.5807	滑县
3	114.90673	35.95269	内黄
3	113.81558	36.07804	林州
2	114.295444	35.748236	鹤壁
3	114.16336	35.95458	鹤山
3	114.18443	35.89773	山城
3	114.29867	35.74127	淇滨
3	114.54879	35.67085	浚县
3	114.1976	35.60782	淇县
2	113.883991	35.302616	新乡
3	113.87523	35.30367	红旗
3	113.86578	35.30211	卫滨
3	113.91507	35.38399	凤泉
3	113.9086	35.3149	牧野
3	113.80511	35.19075	新乡
3	113.66159	35.26521	获嘉
3	113.93994	35.06565	原阳
3	114.20266	35.14327	延津
3	114.41915	35.04166	封丘
3	114.66882	35.20046	长垣
3	114.06454	35.39843	卫辉
3	113.8067	35.46307	辉县
2	113.238266	35.23904	焦作
3	113.22933	35.24023	解放
3	113.18315	35.23665	中站
3	113.3187	35.26908	马村
3	113.25464	35.21436	山阳
3	113.44775	35.22357	修武
3	113.06698	35.16943	博爱
3	113.39718	35.09505	武陟
3	113.08065	34.94022	温县
3	112.94494	35.08935	沁阳
3	112.79138	34.9071	孟州
2	115.041299	35.768234	濮阳
3	115.07446	35.77736	华龙
3	115.10415	35.88507	清丰
3	115.20639	36.07686	南乐
3	115.50405	35.85178	范县
3	115.87158	35.96923	台前
3	115.03057	35.70745	濮阳
2	113.826063	34.022956	许昌
3	113.8227	34.02544	魏都
3	113.84707	34.00406	许昌
3	114.18795	34.10317	鄢陵
3	113.48196	33.84928	襄城
3	113.48803	34.14054	禹州
3	113.77328	34.21846	长葛
2	114.026405	33.575855	漯河
3	114.00647	33.55627	源汇
3	114.00694	33.58723	郾城
3	114.09399	33.58601	召陵
3	113.59848	33.43243	舞阳
3	113.93661	33.81123	临颍
2	111.194099	34.777338	三门峡
3	111.20006	34.77872	湖滨
3	111.76184	34.76725	渑池
3	111.10333	34.72052	陕县
3	111.04782	34.05436	卢氏
3	111.87445	34.74721	义马
3	110.8945	34.51682	灵宝
2	112.540918	32.999082	南阳
3	112.53955	33.00378	宛城
3	112.53479	32.98615	卧龙
3	112.43194	33.49098	南召
3	113.01269	33.25453	方城
3	111.48187	33.29772	西峡
3	112.2398	33.03629	镇平
3	111.84957	33.04671	内乡
3	111.48663	33.13708	淅川
3	112.94656	33.05503	社旗
3	112.83609	32.69453	唐河
3	112.36151	32.51698	新野
3	113.42886	32.37917	桐柏
3	112.0896	32.68577	邓州
2	115.650497	34.437054	商丘
3	115.64487	34.44341	梁园
3	115.65338	34.38804	睢阳
3	115.14621	34.64931	民权
3	115.07168	34.44539	睢县
3	115.30511	34.45463	宁陵
3	115.30538	34.0911	柘城
3	115.86337	34.40189	虞城
3	116.13348	34.23242	夏邑
3	116.44943	33.92911	永城
2	114.075031	32.123274	信阳
3	114.05871	32.1168	浉河
3	114.12435	32.10095	平桥
3	114.5314	32.20277	罗山
3	114.91873	32.00992	光山
3	114.87924	31.64386	新县
3	115.40856	31.79986	商城
3	115.68298	32.18011	固始
3	115.04696	32.13763	潢川
3	115.4205	32.46614	淮滨
3	114.7402	32.34279	息县
2	114.649653	33.620357	周口
3	114.64202	33.6256	川汇
3	114.39477	34.05999	扶沟
3	114.52279	33.78548	西华
3	114.60604	33.53912	商水
3	115.09851	33.40936	沈丘
3	115.17715	33.64485	郸城
3	114.88848	33.73211	淮阳
3	114.83773	34.06376	太康
3	115.48553	33.85931	鹿邑
3	114.87558	33.4672	项城
2	114.024736	32.980169	驻马店
3	113.99377	32.97316	驿城
3	114.02322	33.3845	西平
3	114.26825	33.26825	上蔡
3	114.63552	32.95727	平舆
3	114.38952	32.6039	正阳
3	114.02917	32.80281	确山
3	113.32681	32.71781	泌阳
3	114.36138	33.00461	汝南
3	114.01297	33.14571	遂平
3	114.98199	32.7502	新蔡
2	113.665412	34.757975	 
3	112.590047	35.090378	济源
2	114.298572	30.584355	武汉
3	114.30943	30.59982	江岸
3	114.27093	30.60146	江汉
3	114.26422	30.56945	硚口
3	114.27478	30.54915	汉阳
3	114.31589	30.55389	武昌
3	114.39117	30.63427	青山
3	114.34375	30.49989	洪山
3	114.13708	30.61989	东西湖
3	114.08462	30.30879	汉南
3	114.02929	30.58197	蔡甸
3	114.31301	30.34653	江夏
3	114.37512	30.88151	黄陂
3	114.80136	30.84145	新洲
2	115.077048	30.220074	黄石
3	115.06604	30.22279	黄石港
3	115.11016	30.20487	西塞山
3	114.96112	30.17368	下陆
3	114.90109	30.20678	铁山
3	115.21527	29.83038	阳新
3	114.97174	30.09438	大冶
2	110.785239	32.647017	十堰
3	110.81341	32.59153	茅箭
3	110.77067	32.65195	张湾
3	110.81854	32.83593	郧阳
3	110.42556	32.99349	郧西
3	110.23071	32.22536	竹山
3	109.71798	32.31901	竹溪
3	110.74386	32.05794	房县
3	111.51525	32.54085	丹江口
2	111.290843	30.702636	宜昌
3	111.28573	30.71077	西陵
3	111.3609	30.64434	伍家岗
3	111.26828	30.6934	点军
3	111.44079	30.52663	猇亭
3	111.3262	30.76881	夷陵
3	111.6416	31.05989	远安
3	110.74951	31.34686	兴山
3	110.98156	30.82702	秭归
3	111.20105	30.47052	长阳
3	110.6748	30.19856	五峰
3	111.45025	30.37807	宜都
3	111.78912	30.8208	当阳
3	111.76855	30.42612	枝江
2	112.144146	32.042426	襄阳
3	112.13372	32.01017	襄城
3	112.13546	32.04482	樊城
3	112.150327	32.015088	襄州
3	111.84603	31.77653	南漳
3	111.65267	32.26377	谷城
3	111.26138	31.87874	保康
3	111.67117	32.38476	老河口
3	112.77444	32.13142	枣阳
3	112.25772	31.71972	宜城
2	114.890593	30.396536	鄂州
3	114.68463	30.10003	梁子湖
3	114.73568	30.53328	华容
3	114.89158	30.40024	鄂城
2	112.204251	31.03542	荆门
3	112.20147	31.05192	东宝
3	112.208	30.97316	掇刀
3	113.11074	31.0224	京山
3	112.58853	30.70916	沙洋
3	112.58932	31.1678	钟祥
2	113.926655	30.926423	孝感
3	113.91111	30.9168	孝南
3	113.99795	31.25799	孝昌
3	114.12564	31.56176	大悟
3	113.75289	31.02093	云梦
3	113.57287	30.92834	应城
3	113.68557	31.25693	安陆
3	113.83898	30.66117	汉川
2	112.23813	30.326857	荆州
3	112.25543	30.31107	沙市
3	112.19006	30.35264	荆州
3	112.23242	30.05902	公安
3	112.89462	29.81494	监利
3	112.42468	30.04174	江陵
3	112.42636	29.72127	石首
3	113.47598	29.827	洪湖
3	111.76739	30.16965	松滋
2	114.879365	30.447711	黄冈
3	114.88008	30.43436	黄州
3	114.87228	30.64359	团风
3	114.6224	31.28668	红安
3	115.39971	30.78255	罗田
3	115.68142	30.73516	英山
3	115.26913	30.45265	浠水
3	115.43615	30.22613	蕲春
3	115.94427	30.07033	黄梅
3	115.00988	31.17228	麻城
3	115.55975	29.84446	武穴
2	114.328963	29.832798	咸宁
3	114.29872	29.8529	咸安
3	113.93927	29.97054	嘉鱼
3	113.81582	29.24568	通城
3	114.03982	29.55564	崇阳
3	114.48239	29.6063	通山
3	113.90039	29.72454	赤壁
2	113.37377	31.717497	随州
3	113.37128	31.71614	曾都
3	113.82663	31.6179	随县
3	113.82663	31.6179	广水
2	109.48699	30.283114	恩施
3	109.47942	30.29502	恩施
3	108.93591	30.29117	利川
3	109.72207	30.60209	建始
3	110.34066	31.04233	巴东
3	109.49179	29.98714	宣恩
3	109.152	29.67983	咸丰
3	109.40716	29.49373	来凤
3	110.03091	29.89072	鹤峰
2	114.298572	30.584355	 
3	113.453974	30.364953	仙桃
3	112.896866	30.421215	潜江
3	113.165862	30.653061	天门
3	110.671525	31.744449	神农架
2	112.982279	28.19409	长沙
3	113.03176	28.1844	芙蓉
3	112.98991	28.1127	天心
3	112.93133	28.2351	岳麓
3	112.98623	28.25585	开福
3	113.03567	28.13541	雨花
3	112.819549	28.347458	望城
3	113.08071	28.24595	长沙
3	112.55749	28.25358	宁乡
3	113.64312	28.16375	浏阳
2	113.151737	27.835806	株洲
3	113.17315	27.85569	荷塘
3	113.15562	27.78525	芦淞
3	113.11776	27.87552	石峰
3	113.12335	27.83103	天元
3	113.14428	27.69826	株洲
3	113.34365	27.00352	攸县
3	113.54364	26.7915	茶陵
3	113.77163	26.48818	炎陵
3	113.49704	27.64615	醴陵
2	112.925083	27.846725	湘潭
3	112.90399	27.86859	雨湖
3	112.9606	27.85784	岳塘
3	112.9508	27.77893	湘潭
3	112.53512	27.73543	湘乡
3	112.52655	27.91503	韶山
2	112.607693	26.900358	衡阳
3	112.62054	26.89361	珠晖
3	112.61654	26.88866	雁峰
3	112.61069	26.90232	石鼓
3	112.6033	26.89651	蒸湘
3	112.7384	27.23262	南岳
3	112.37088	26.9706	衡阳
3	112.67788	26.73828	衡南
3	112.86776	27.23134	衡山
3	112.94833	27.08093	衡东
3	112.09039	26.79964	祁东
3	112.85998	26.42132	耒阳
3	112.4009	26.40692	常宁
2	111.46923	27.237842	邵阳
3	111.49715	27.23291	双清
3	111.45412	27.23332	大祥
3	111.45219	27.24648	北塔
3	111.74441	27.2584	邵东
3	111.46066	27.32169	新邵
3	111.27459	26.99143	邵阳
3	111.03216	27.10937	隆回
3	110.57388	27.05462	洞口
3	110.15576	26.58636	绥宁
3	110.85131	26.42936	新宁
3	110.3222	26.39048	城步
3	110.63281	26.72817	武冈
2	113.132855	29.37029	岳阳
3	113.12942	29.3719	岳阳楼
3	113.27713	29.47357	云溪
3	113.00439	29.45941	君山
3	113.11987	29.14314	岳阳
3	112.54089	29.53019	华容
3	112.90911	28.68922	湘阴
3	113.58105	28.70664	平江
3	113.06707	28.80631	汨罗
3	113.4501	29.47701	临湘
2	111.691347	29.040225	常德
3	111.69791	29.02876	武陵
3	111.68078	29.01859	鼎城
3	112.16732	29.41326	安乡
3	111.96691	28.90299	汉寿
3	111.75866	29.63317	澧县
3	111.65161	29.44163	临澧
3	111.48892	28.90474	桃源
3	111.37966	29.58424	石门
3	111.87756	29.60563	津市
2	110.479921	29.127401	张家界
3	110.47464	29.13387	永定
3	110.55026	29.34574	武陵源
3	111.13946	29.42989	慈利
3	110.16308	29.39815	桑植
2	112.355042	28.570066	益阳
3	112.32447	28.59095	资阳
3	112.37265	28.57425	赫山
3	112.3963	29.36159	南县
3	112.1557	28.51814	桃江
3	111.21298	28.37424	安化
3	112.35427	28.84403	沅江
2	113.032067	25.793589	郴州
3	113.01103	25.78405	北湖
3	113.04226	25.80045	苏仙
3	112.73364	25.75406	桂阳
3	112.95147	25.39931	宜章
3	113.11242	26.12646	永兴
3	112.36935	25.58795	嘉禾
3	112.56369	25.27602	临武
3	113.68582	25.55204	汝城
3	113.9468	26.07987	桂东
3	113.26944	26.70931	安仁
3	113.23724	25.97668	资兴
2	111.608019	26.434516	永州
3	111.62103	26.22109	零陵
3	111.59214	26.46107	冷水滩
3	111.84011	26.58009	祁阳
3	111.3164	26.39202	东安
3	111.65927	25.95988	双牌
3	111.60195	25.52766	道县
3	111.34082	25.27233	江永
3	111.94625	25.56913	宁远
3	112.19363	25.36794	蓝山
3	112.22103	25.9095	新田
3	111.58847	25.1845	江华
2	109.97824	27.550082	怀化
3	109.96509	27.54942	鹤城
3	109.94497	27.43988	中方
3	110.39633	28.45548	沅陵
3	110.18942	28.00406	辰溪
3	110.59384	27.90836	溆浦
3	109.73568	26.88716	会同
3	109.80194	27.866	麻阳
3	109.17166	27.35937	新晃
3	109.6849	27.44297	芷江
3	109.69821	26.57651	靖州
3	109.78515	26.1571	通道
3	109.83651	27.20922	洪江
2	112.008497	27.728136	娄底
3	112.00193	27.72992	娄星
3	112.19921	27.45418	双峰
3	111.32739	27.7266	新化
3	111.43554	27.68147	冷水江
3	111.67233	27.68831	涟源
2	109.739735	28.314296	湘西
3	109.69799	28.26247	吉首
3	110.21682	28.2205	泸溪
3	109.60156	27.94822	凤凰
3	109.48217	28.5721	花垣
3	109.66049	28.69997	保靖
3	109.94812	28.61944	古丈
3	109.85266	29.00103	永顺
3	109.4432	29.45693	龙山
2	113.280637	23.125178	广州
3	113.2442	23.12592	荔湾
3	113.26683	23.12897	越秀
3	113.26197	23.10379	海珠
3	113.36112	23.12467	天河
3	113.27307	23.15787	白云
3	113.45895	23.10642	黄埔
3	113.38397	22.93599	番禺
3	113.22033	23.40358	花都
3	113.60845	22.77144	南沙
3	113.587386	23.545283	从化
3	113.829579	23.290497	增城
2	113.591544	24.801322	韶关
3	113.58767	24.79264	武江
3	113.61109	24.80438	浈江
3	113.60165	24.67915	曲江
3	114.06799	24.94759	始兴
3	113.74737	25.08742	仁化
3	114.13385	24.3495	翁源
3	113.27734	24.77803	乳源
3	114.20788	24.05924	新丰
3	113.35653	25.12799	乐昌
3	114.30966	25.11706	南雄
2	114.085947	22.547	深圳
3	114.13116	22.54836	罗湖
3	114.05571	22.52245	福田
3	113.93029	22.53291	南山
3	113.88311	22.55371	宝安
3	114.24771	22.71986	龙岗
3	114.23733	22.5578	盐田
3	113.896026	22.777292	光明新区
3	114.34637	22.690529	坪山新区
3	114.479901	22.587862	大鹏新区
3	114.036585	22.68695	龙华新区
2	113.552724	22.255899	珠海
3	113.5435	22.26654	香洲
3	113.29644	22.20898	斗门
3	113.36361	22.14691	金湾
2	116.708463	23.37102	汕头
3	116.71641	23.37166	龙湖
3	116.70364	23.36637	金平
3	116.72659	23.28588	濠江
3	116.6015	23.26485	潮阳
3	116.43188	23.25	潮南
3	116.75589	23.46728	澄海
3	117.01889	23.4223	南澳
2	113.122717	23.028762	佛山
3	113.1228	23.00842	禅城
3	113.14299	23.02877	南海
3	113.29394	22.80452	顺德
3	112.89703	23.15564	三水
3	112.89254	22.90022	高明
2	113.094942	22.590431	江门
3	113.07849	22.59515	蓬江
3	113.11099	22.56024	江海
3	113.03225	22.45876	新会
3	112.79382	22.2515	台山
3	112.69842	22.37622	开平
3	112.96429	22.76523	鹤山
3	112.30496	22.18288	恩平
2	110.405529	21.195338	湛江
3	110.36592	21.26606	赤坎
3	110.39822	21.19181	霞山
3	110.45533	21.24472	坡头
3	110.3342	21.26333	麻章
3	110.25003	21.37721	遂溪
3	110.17379	20.32812	徐闻
3	110.28442	21.60917	廉江
3	110.10092	20.91428	雷州
3	110.77703	21.44584	吴川
2	110.919229	21.659751	茂名
3	110.9187	21.64103	茂南
3	111.007264	21.507219	电白
3	110.85519	21.92057	高州
3	110.63949	21.66394	化州
3	110.94647	22.35351	信宜
2	112.472529	23.051546	肇庆
3	112.48495	23.0519	端州
3	112.56643	23.15846	鼎湖
3	112.44064	23.6346	广宁
3	112.18396	23.90918	怀集
3	111.50332	23.43571	封开
3	111.78555	23.14371	德庆
3	112.45834	23.02577	高要
3	112.73416	23.32686	四会
2	114.412599	23.079404	惠州
3	114.3828	23.08377	惠城
3	114.45639	22.78845	惠阳
3	114.28964	23.17307	博罗
3	114.72009	22.98484	惠东
3	114.25479	23.72758	龙门
2	116.117582	24.299112	梅州
3	116.11663	24.31062	梅江
3	116.097753	24.286739	梅县
3	116.69662	24.35325	大埔
3	116.18219	23.74094	丰顺
3	115.77893	23.92417	五华
3	115.89556	24.57116	平远
3	116.17089	24.65732	蕉岭
3	115.73141	24.14001	兴宁
2	115.364238	22.774485	汕尾
3	115.36503	22.7789	城区
3	115.32336	22.96653	海丰
3	115.65597	23.30365	陆河
3	115.64813	22.94335	陆丰
2	114.697802	23.746266	河源
3	114.70242	23.7341	源城
3	115.18365	23.63867	紫金
3	115.26025	24.10142	龙川
3	114.49026	24.37156	连平
3	114.93841	24.44319	和平
3	114.74633	23.78835	东源
2	111.975107	21.859222	阳江
3	111.95488	21.86193	江城
3	112.01467	21.87398	阳东
3	111.61785	21.75234	阳西
3	111.78854	22.17232	阳春
2	113.036779	23.704188	清远
3	113.06265	23.69784	清城
3	113.015203	23.736949	清新
3	113.53286	23.87231	佛冈
3	112.64129	24.46516	阳山
3	112.0802	24.56807	连山
3	112.28842	24.71726	连南
3	113.415	24.18571	英德
3	112.38153	24.77913	连州
2	113.760234	23.048884	东莞
3	113.751043	23.053412	莞城
3	113.752125	23.02018	南城
3	113.739053	23.043842	万江
3	113.80217	23.09899	石碣
3	113.876381	23.107444	石龙
3	113.883526	23.062375	茶山
3	113.919859	23.0863	石排
3	114.013233	23.066044	企石
3	113.957436	23.025732	横沥
3	114.01385	22.939727	桥头
3	114.141396	22.959664	谢岗
3	113.939835	22.992804	东坑
3	114.029627	23.016116	常平
3	113.884745	22.991738	寮步
3	113.9271	22.965748	大朗
3	113.546177	23.045315	麻涌
3	113.654422	23.090164	中堂
3	113.735917	23.068415	高埗
3	114.066298	22.956682	樟木头
3	113.782955	22.885366	大岭山
3	113.658847	23.055018	望牛墩
3	113.992635	22.877536	黄江
3	113.613081	22.992675	洪梅
3	114.155796	22.844456	清溪
3	113.760234	23.048884	沙田
3	113.760234	23.048884	道滘
3	114.10765	22.822862	塘厦
3	113.71118	22.82615	虎门
3	113.67301	22.940815	厚街
3	114.141194	22.744598	凤岗
3	113.803939	22.816644	长安
2	113.382391	22.521113	中山
3	113.378835	22.52522	石岐
3	113.355896	22.486568	南区
3	113.41079	22.51968	五桂山
3	113.480523	22.566082	火炬
3	113.342359	22.715116	黄圃
3	113.296358	22.713907	南头
3	113.26114	22.68775	东凤
3	113.353024	22.666364	阜沙
3	113.244235	22.666951	小榄
3	113.296298	22.614003	东升
3	113.179745	22.611019	古镇
3	113.265845	22.523202	横栏
3	113.423624	22.677033	三角
3	113.486025	22.623468	民众
3	113.533939	22.492378	南朗
3	113.382391	22.521113	港口
3	113.291708	22.467712	大涌
3	113.328369	22.526325	沙溪
3	113.4334	22.352494	三乡
3	113.320346	22.415674	板芙
3	113.359387	22.312476	神湾
3	113.485677	22.261269	坦洲
2	116.632301	23.661701	潮州
3	116.62805	23.67451	湘桥
3	116.592895	23.643656	潮安
3	117.00692	23.66994	饶平
2	116.355733	23.543778	揭阳
3	116.3671	23.52508	榕城
3	116.412947	23.569887	揭东
3	115.83883	23.42714	揭西
3	116.29599	23.03289	惠来
3	116.16564	23.29732	普宁
2	112.044439	22.929801	云浮
3	112.03908	22.92996	云城
3	112.00936	23.07779	云安
3	112.23019	22.69734	新兴
3	111.53387	23.23307	郁南
3	111.56979	22.76967	罗定
2	108.320004	22.82402	南宁
3	108.36694	22.85355	兴宁
3	108.49545	22.78511	青秀
3	108.27325	22.78127	江南
3	108.31347	22.83386	西乡塘
3	108.41284	22.74914	良庆
3	108.48684	22.75628	邕宁
3	108.27719	23.15643	武鸣
3	107.69192	23.17336	隆安
3	108.17697	23.70931	马山
3	108.60522	23.432	上林
3	108.81185	23.2196	宾阳
3	109.26608	22.68448	横县
3	108.419094	22.812976	埌东
2	109.411703	24.314617	柳州
3	109.41082	24.31543	城中
3	109.4533	24.31868	鱼峰
3	109.38548	24.33599	柳南
3	109.40202	24.36267	柳北
3	109.33273	24.25596	柳江
3	109.23877	24.64951	柳城
3	109.75177	24.47306	鹿寨
3	109.39761	25.22465	融安
3	109.25634	25.06628	融水
3	109.60446	25.78428	三江
3	109.437053	24.329204	柳东
2	110.299121	25.274215	桂林
3	110.28915	25.28249	秀峰
3	110.30195	25.31381	叠彩
3	110.28108	25.26168	象山
3	110.31793	25.2525	七星
3	110.30911	25.06038	雁山
3	110.205487	25.246257	临桂
3	110.49475	24.77579	阳朔
3	110.32949	25.41292	灵川
3	111.07211	25.92799	全州
3	110.67144	25.61167	兴安
3	109.98333	24.98004	永福
3	111.15954	25.48803	灌阳
3	110.01226	25.79614	龙胜
3	110.65255	26.04237	资源
3	110.64175	24.63242	平乐
3	110.3971	24.49589	荔浦
3	110.83035	24.83286	恭城
2	111.316229	23.472309	梧州
3	111.32052	23.47298	万秀
3	111.27494	23.48573	长洲
3	111.316229	23.472309	龙圩
3	111.24533	23.42049	苍梧
3	110.91418	23.37605	藤县
3	110.52221	24.20168	蒙山
3	110.99594	22.9191	岑溪
2	109.119254	21.473343	北海
3	109.11744	21.47501	海城
3	109.13029	21.4783	银海
3	109.45578	21.59661	铁山港
3	109.20068	21.66601	合浦
2	108.345478	21.614631	防城港
3	108.38022	21.64342	港口
3	108.35726	21.76464	防城
3	107.9823	22.14957	上思
3	107.97204	21.54713	东兴
2	108.624175	21.967127	钦州
3	108.61775	21.95137	钦南
3	108.63037	21.95127	钦北
3	109.29153	22.4165	灵山
3	109.55572	22.26888	浦北
2	109.602146	23.0936	贵港
3	109.57224	23.11153	港北
3	109.60617	23.07226	港南
3	109.44293	23.12677	覃塘
3	110.39062	23.54201	平南
3	110.08105	23.39339	桂平
2	110.154393	22.63136	玉林
3	110.15114	22.6281	玉州
3	110.064816	22.583057	福绵
3	110.154393	22.63136	玉东
3	110.55593	22.85701	容县
3	110.26413	22.32454	陆川
3	109.97744	22.27286	博白
3	109.87612	22.74237	兴业
3	110.35302	22.70817	北流
2	106.616285	23.897742	百色
3	106.61764	23.9009	右江
3	106.91558	23.73535	田阳
3	107.12432	23.60003	田东
3	107.59045	23.32969	平果
3	106.61917	23.32515	德保
3	106.41766	23.13425	靖西
3	105.84191	23.40649	那坡
3	106.56155	24.34747	凌云
3	106.56124	24.78295	乐业
3	106.22882	24.29207	田林
3	105.09722	24.48966	西林
3	105.34295	24.77036	隆林
2	111.552056	24.414141	贺州
3	111.55225	24.41179	八步
3	110.81082	24.1701	昭平
3	111.30459	24.52482	钟山
3	111.27767	24.81431	富川
3	111.485651	24.458041	平桂
2	108.062105	24.695899	河池
3	108.03727	24.6897	金城江
3	107.54562	24.9776	南丹
3	107.17205	24.99593	天峨
3	107.04892	24.54215	凤山
3	107.37527	24.51053	东兰
3	108.90777	24.77923	罗城
3	108.26055	24.82916	环江
3	107.25308	24.14135	巴马
3	108.10116	23.93245	都安
3	107.9985	23.74487	大化
3	108.65304	24.49391	宜州
2	109.229772	23.733766	来宾
3	109.23471	23.72731	兴宾
3	108.66357	24.06862	忻城
3	109.6994	23.97355	象州
3	109.66284	23.59474	武宣
3	110.19079	24.12929	金秀
3	108.88586	23.80619	合山
2	107.353926	22.404108	崇左
3	107.34747	22.41135	江州
3	107.90405	22.63413	扶绥
3	107.07299	22.13655	宁明
3	106.85415	22.33937	龙州
3	107.19821	22.83412	大新
3	107.13998	23.077	天等
3	106.75534	22.10573	凭祥
2	110.33119	20.031971	海口
3	110.29345	20.00752	秀英
3	110.30194	20.02866	龙华
3	110.35418	20.00321	琼山
3	110.36908	20.02864	美兰
2	109.508268	18.247872	三亚
3	109.508268	18.247872	海棠
3	109.508268	18.247872	吉阳
3	109.508268	18.247872	天涯
3	109.508268	18.247872	崖州
2	112.34882	16.831039	三沙
3	112.025528	16.331342	西沙
3	116.749998	11.471888	南沙
3	117.740071	15.112856	中沙
2	109.503479	18.739906	 
3	109.516662	18.776921	五指山
3	110.466785	19.246011	琼海
3	109.576782	19.517486	儋州
3	110.753975	19.612986	文昌
3	110.388793	18.796216	万宁
3	108.653789	19.10198	东方
3	110.323959	19.699211	定安
3	110.102773	19.362916	屯昌
3	110.007147	19.737095	澄迈
3	109.687697	19.908293	临高
3	109.452606	19.224584	白沙
3	109.053351	19.260968	昌江
3	109.175444	18.74758	乐东
3	110.037218	18.505006	陵水
3	109.70245	18.636371	保亭
3	109.839996	19.03557	琼中
2	106.504962	29.533155	重庆
3	108.40869	30.80788	万州
3	107.39007	29.70292	涪陵
3	106.56901	29.55279	渝中
3	106.48262	29.48447	大渡口
3	106.57434	29.60658	江北
3	106.45752	29.54113	沙坪坝
3	106.51107	29.50197	九龙坡
3	106.56347	29.52311	南岸
3	106.39614	29.80574	北碚
3	106.926779	28.960656	綦江
3	105.768121	29.484025	大足
3	106.6307	29.7182	渝北
3	106.52365	29.38311	巴南
3	108.7709	29.5332	黔江
3	107.08166	29.85359	长寿
3	106.25912	29.29008	江津
3	106.27633	29.97227	合川
3	105.927	29.35593	永川
3	107.09936	29.15751	南川
3	106.231126	29.593581	璧山
3	106.054948	29.839944	铜梁
3	105.84005	30.1912	潼南
3	105.59442	29.40488	荣昌
3	107.79998	30.67545	梁平
3	108.66513	31.94801	城口
3	107.73098	29.86348	丰都
3	107.35446	30.33359	垫江
3	107.7601	29.32548	武隆
3	108.03689	30.28898	忠县
3	108.39306	31.16095	开县
3	108.69726	30.93062	云阳
3	109.46478	31.01825	奉节
3	109.87814	31.07458	巫山
3	109.63128	31.39756	巫溪
3	108.11389	30.00054	石柱
3	108.98861	28.45062	秀山
3	108.77212	28.8446	酉阳
3	108.16638	29.29516	彭水
2	106.463344	29.729153	两江新区
3	106.488841	29.667062	北部新区
3	106.638184	29.716311	保税港区
3	106.626434	29.55554	工业园区
2	104.065735	30.659462	成都
3	104.08347	30.65614	锦江
3	104.06151	30.67387	青羊
3	104.05114	30.69126	金牛
3	104.04303	30.64235	武侯
3	104.10193	30.65993	成华
3	104.27462	30.55658	龙泉驿
3	104.251	30.87841	青白江
3	104.15921	30.82314	新都
3	103.84881	30.68444	温江
3	104.41195	30.86195	金堂
3	103.92373	30.57444	双流
3	103.88717	30.81054	郫县
3	103.52075	30.58738	大邑
3	103.50616	30.19667	蒲江
3	103.8114	30.40983	新津
3	103.61941	30.99825	都江堰
3	103.958	30.99011	彭州
3	103.46283	30.41489	邛崃
3	103.67285	30.63014	崇州
2	104.773447	29.352765	自贡
3	104.77719	29.33745	自流井
3	104.71536	29.34576	贡井
3	104.77383	29.36364	大安
3	104.88012	29.26611	沿滩
3	104.4176	29.44445	荣县
3	104.97491	29.18123	富顺
2	101.716007	26.580446	攀枝花
3	101.7052	26.54677	东区
3	101.63058	26.59753	西区
3	101.73812	26.49841	仁和
3	102.11132	26.88718	米易
3	101.85446	26.68847	盐边
2	105.443348	28.889138	泸州
3	105.45336	28.88934	江阳
3	105.37255	28.77343	纳溪
3	105.43774	28.91308	龙马潭
3	105.38192	29.15041	泸县
3	105.8352	28.81005	合江
3	105.44473	28.15586	叙永
3	105.81347	28.03867	古蔺
2	104.398651	31.127991	德阳
3	104.39367	31.13906	旌阳
3	104.67861	31.03297	中江
3	104.51025	31.31665	罗江
3	104.28234	30.97686	广汉
3	104.16754	31.1264	什邡
3	104.22076	31.33772	绵竹
2	104.741722	31.46402	绵阳
3	104.75719	31.45522	涪城
3	104.77092	31.46574	游仙
3	105.09079	31.09179	三台
3	105.3898	31.22176	盐亭
3	104.56738	31.53487	安县
3	105.16183	31.6359	梓潼
3	104.46408	31.83286	北川
3	104.52862	32.40791	平武
3	104.74539	31.77775	江油
2	105.829757	32.433668	广元
3	105.826194	32.432276	利州
3	105.640491	32.386518	昭化
3	105.89273	32.64398	朝天
3	106.29022	32.22845	旺苍
3	105.2391	32.58563	青川
3	105.5252	32.28845	剑阁
3	105.936	31.73209	苍溪
2	105.571331	30.513311	遂宁
3	105.5809	30.49991	船山
3	105.46402	30.35778	安居
3	105.70752	30.75775	蓬溪
3	105.38922	30.87203	射洪
3	105.24346	30.59434	大英
2	105.066138	29.58708	内江
3	105.0679	29.58709	市中区
3	105.07554	29.59278	东兴
3	104.66955	29.52823	威远
3	104.85205	29.76409	资中
3	105.28738	29.33937	隆昌
2	103.761263	29.582024	乐山
3	103.76159	29.55543	市中区
3	103.54873	29.41194	沙湾
3	103.82345	29.40344	五通桥
3	103.07858	29.24578	金口河
3	103.94989	29.20973	犍为
3	104.07019	29.65228	井研
3	103.57199	29.73868	夹江
3	103.90353	28.95646	沐川
3	103.26339	29.23004	峨边
3	103.54617	28.83593	马边
3	103.4844	29.60117	峨眉山
2	106.082974	30.795281	南充
3	106.09216	30.79642	顺庆
3	106.11894	30.78162	高坪
3	106.07141	30.75848	嘉陵
3	106.06738	31.35451	南部
3	106.56637	31.07747	营山
3	106.41262	31.02964	蓬安
3	106.29974	31.27628	仪陇
3	105.89996	30.9969	西充
3	106.00494	31.55832	阆中
2	103.831788	30.048318	眉山
3	103.832	30.04219	东坡
3	103.87268	30.19283	彭山
3	104.13412	29.99599	仁寿
3	103.37313	29.90661	洪雅
3	103.51339	30.01562	丹棱
3	103.84771	29.83235	青神
2	104.630825	28.760189	宜宾
3	104.61978	28.76566	翠屏
3	104.981133	28.839806	南溪
3	104.53314	28.68996	宜宾
3	105.06683	28.72385	江安
3	104.9252	28.57777	长宁
3	104.51754	28.43619	高县
3	104.71398	28.44512	珙县
3	104.51217	28.16495	筠连
3	105.23675	28.3044	兴文
3	104.16293	28.64369	屏山
2	106.633369	30.456398	广安
3	106.64163	30.47389	广安
3	106.893537	30.494572	前锋
3	106.44079	30.53918	岳池
3	106.29592	30.34932	武胜
3	106.92968	30.33449	邻水
3	106.78466	30.39007	华蓥
2	107.502262	31.209484	达州
3	107.50456	31.21469	通川
3	107.502262	31.209484	达川
3	107.72775	31.35516	宣汉
3	107.86889	31.0841	开江
3	107.20855	30.74147	大竹
3	106.97381	30.8376	渠县
3	108.03598	32.08091	万源
2	103.001033	29.987722	雅安
3	103.03305	30.00531	雨城
3	103.112214	30.084718	名山
3	102.84652	29.79402	荥经
3	102.6784	29.35168	汉源
3	102.35943	29.22796	石棉
3	102.75906	30.06754	天全
3	102.92791	30.14369	芦山
3	102.81555	30.36836	宝兴
2	106.753669	31.858809	巴中
3	106.76889	31.85125	巴州
3	106.753669	31.858809	恩阳
3	107.24398	31.91294	通江
3	106.84164	32.35335	南江
3	107.10424	31.5594	平昌
2	104.641917	30.122211	资阳
3	104.65216	30.11525	雁江
3	105.3363	30.09786	安岳
3	105.03207	30.27227	乐至
3	104.54864	30.3904	简阳
2	102.221374	31.899792	阿坝
3	103.59079	31.47326	汶川
3	103.17175	31.43603	理县
3	103.85372	31.682	茂县
3	103.59924	32.63871	松潘
3	104.23672	33.26318	九寨沟
3	102.06555	31.47623	金川
3	102.36499	30.99934	小金
3	102.99176	32.06184	黑水
3	102.20625	31.90584	马尔康
3	100.9783	32.26578	壤塘
3	101.70632	32.90301	阿坝
3	102.9598	33.57432	若尔盖
3	102.54525	32.78989	红原
2	101.963815	30.050663	甘孜
3	101.96487	30.05532	康定
3	102.23507	29.91475	泸定
3	101.88424	30.87656	丹巴
3	101.50848	29.00091	九龙
3	101.01492	30.03281	雅江
3	101.12554	30.98046	道孚
3	100.67681	31.3917	炉霍
3	99.99307	31.62672	甘孜
3	100.3125	30.94067	新龙
3	98.58078	31.80615	德格
3	98.82568	31.20902	白玉
3	98.10156	32.97884	石渠
3	100.33224	32.26839	色达
3	100.27005	29.99674	理塘
3	99.10409	30.00423	巴塘
3	99.79943	28.93554	乡城
3	100.29809	29.0379	稻城
3	99.28628	28.71297	得荣
2	102.258746	27.886762	凉山
3	102.26413	27.89524	西昌
3	101.2796	27.92875	木里
3	101.5097	27.42177	盐源
3	102.18017	27.40482	德昌
3	102.24539	26.65627	会理
3	102.57815	26.63429	会东
3	102.76116	27.06567	宁南
3	102.54055	27.37485	普格
3	102.81234	27.7079	布拖
3	103.24774	27.69698	金阳
3	102.84661	28.01155	昭觉
3	102.41336	28.30739	喜德
3	102.17108	28.55161	冕宁
3	102.5079	28.64133	越西
3	102.77154	28.96624	甘洛
3	103.13116	28.32596	美姑
3	103.57287	28.26407	雷波
2	106.713478	26.578343	贵阳
3	106.7145	26.56819	南明
3	106.72485	26.60484	云岩
3	106.67688	26.43343	花溪
3	106.7521	26.6302	乌当
3	106.63088	26.68284	白云
3	106.625442	26.618209	观山湖
3	106.9692	27.05533	开阳
3	106.738	27.09346	息烽
3	106.59487	26.83783	修文
3	106.46862	26.55261	清镇
2	104.846743	26.584643	六盘水
3	104.87848	26.57699	钟山
3	105.48062	26.20117	六枝
3	104.95764	26.54785	水城
3	104.47061	25.7136	盘县
2	106.937265	27.706626	遵义
3	106.89404	27.64471	红花岗
3	106.9393	27.70625	汇川
3	106.83331	27.53772	遵义
3	106.82568	28.13806	桐梓
3	107.19064	27.94702	绥阳
3	107.44357	28.5512	正安
3	107.61152	28.864	道真
3	107.88935	28.52227	务川
3	107.71682	27.95461	凤冈
3	107.48779	27.76676	湄潭
3	107.88821	27.22532	余庆
3	106.21267	28.31976	习水
3	105.69845	28.58921	赤水
3	106.40152	27.79231	仁怀
2	105.932188	26.245544	安顺
3	105.96585	26.24491	西秀
3	106.25683	26.40543	平坝
3	105.74285	26.30141	普定
3	105.76513	26.05533	镇宁
3	105.61883	25.94248	关岭
3	106.08364	25.75258	紫云
2	105.28501	27.301693	毕节
3	104.9497	27.153556	七星关
3	105.609254	27.143521	大方
3	106.038299	27.024923	黔西
3	106.222103	27.459693	金沙
3	105.768997	26.668497	织金
3	105.375322	26.769875	纳雍
3	104.286523	26.859099	威宁
3	104.726438	27.119243	赫章
2	109.191555	27.718346	铜仁
3	109.191555	27.718346	碧江
3	109.21199	27.51903	万山
3	108.848427	27.691904	江口
3	108.917882	27.238024	玉屏
3	108.229854	27.519386	石阡
3	108.255827	27.941331	思南
3	108.405517	27.997976	印江
3	108.117317	28.26094	德江
3	108.495746	28.560487	沿河
3	109.202627	28.165419	松桃
2	104.897971	25.08812	黔西南
3	104.89548	25.09205	兴义
3	105.18652	25.43282	兴仁
3	104.95529	25.78603	普安
3	105.2192	25.83522	晴隆
3	105.65454	25.38464	贞丰
3	106.09957	25.17822	望谟
3	105.8124	24.98376	册亨
3	105.44268	25.09818	安龙
2	107.977488	26.583352	黔东南
3	107.98132	26.56689	凯里
3	107.90179	26.89573	黄平
3	108.12597	27.03495	施秉
3	108.67132	26.94765	三穗
3	108.42721	27.04933	镇远
3	108.81884	27.17539	岑巩
3	109.20718	26.90781	天柱
3	109.19982	26.67635	锦屏
3	108.5913	26.6525	剑河
3	108.31814	26.66916	台江
3	109.13607	26.23114	黎平
3	108.52072	25.92421	榕江
3	108.90527	25.75415	从江
3	108.07745	26.38385	雷山
3	107.59155	26.49235	麻江
3	107.79718	26.19816	丹寨
2	107.517156	26.258219	黔南
3	107.51872	26.2594	都匀
3	107.51715	26.67989	福泉
3	107.88592	25.4139	荔波
3	107.23654	26.57812	贵定
3	107.4757	27.06813	瓮安
3	107.54101	25.8245	独山
3	107.32428	25.83294	平塘
3	106.75186	25.42586	罗甸
3	106.45217	26.02299	长顺
3	106.97662	26.45076	龙里
3	106.65911	26.13389	惠水
3	107.87464	25.98562	三都
2	102.712251	25.040609	昆明
3	102.70786	25.03521	五华
3	102.71994	25.04053	盘龙
3	102.74362	25.01497	官渡
3	102.66464	25.03796	西山
3	103.18832	26.083	东川
3	102.801382	24.889275	呈贡
3	102.59393	24.6665	晋宁
3	102.4985	25.22119	富民
3	103.14117	24.91705	宜良
3	103.27148	24.75897	石林
3	103.03729	25.33986	嵩明
3	102.4671	25.55387	禄劝
3	103.2557	25.55961	寻甸
3	102.46972	24.91652	安宁
2	103.797851	25.501557	曲靖
3	103.80504	25.49515	麒麟
3	103.57873	25.42521	马龙
3	103.6665	25.02335	陆良
3	103.99084	24.82822	师宗
3	104.30859	24.88444	罗平
3	104.25387	25.66587	富源
3	103.30017	26.41076	会泽
3	103.82135	25.60715	沾益
3	104.10409	26.2173	宣威
2	102.543907	24.350461	玉溪
3	102.5449	24.35411	红塔
3	102.75412	24.28863	江川
3	102.90817	24.67376	澄江
3	102.76641	24.11362	通海
3	102.92831	24.1926	华宁
3	102.16354	24.67122	易门
3	102.40576	24.16904	峨山
3	101.98895	24.06886	新平
3	101.99812	23.59655	元江
2	99.167133	25.111802	保山
3	99.16334	25.11163	隆阳
3	99.18768	24.72418	施甸
3	98.49414	25.02539	腾冲
3	98.69024	24.58746	龙陵
3	99.6036	24.82763	昌宁
2	103.717216	27.336999	昭通
3	103.70654	27.31998	昭阳
3	103.54721	27.19238	鲁甸
3	102.92416	26.91237	巧家
3	104.23461	28.10856	盐津
3	103.89254	27.7488	大关
3	103.63504	28.2279	永善
3	103.94937	28.59661	绥江
3	104.87258	27.43981	镇雄
3	104.04983	27.62809	彝良
3	105.04754	27.84065	威信
3	104.4158	28.62986	水富
2	100.233026	26.872108	丽江
3	100.2257	26.87697	古城
3	100.2369	26.82149	玉龙
3	100.74667	26.68591	永胜
3	101.26562	26.62967	华坪
3	100.8507	27.28179	宁蒗
2	100.972344	22.777321	普洱
3	100.97716	22.78691	思茅
3	101.04653	23.06341	宁洱
3	101.69171	23.43214	墨江
3	100.83599	24.44791	景东
3	100.70251	23.49705	景谷
3	101.10675	24.00557	镇沅
3	101.85788	22.58424	江城
3	99.58424	22.32922	孟连
3	99.93591	22.55474	澜沧
3	99.59869	22.64774	西盟
2	100.08697	23.886567	临沧
3	100.08242	23.89497	临翔
3	99.92837	24.58034	凤庆
3	100.12808	24.44675	云县
3	99.25326	24.0276	永德
3	98.8255	23.76241	镇康
3	99.82769	23.47349	双江
3	99.39785	23.53776	耿马
3	99.24545	23.14821	沧源
2	101.546046	25.041988	楚雄
3	101.54615	25.0329	楚雄
3	101.64205	24.68882	双柏
3	101.54	25.31551	牟定
3	101.27313	25.19293	南华
3	101.24279	25.50467	姚安
3	101.32397	25.72218	大姚
3	101.6716	26.05794	永仁
3	101.87728	25.70438	元谋
3	102.4038	25.5295	武定
3	102.07797	25.14815	禄丰
2	103.384182	23.366775	红河
3	103.15966	23.35894	个旧
3	103.26986	23.71012	开远
3	103.385005	23.366843	蒙自
3	103.436988	24.40837	弥勒
3	103.68554	22.98425	屏边
3	102.82656	23.63472	建水
3	102.49408	23.71441	石屏
3	103.76373	24.52854	泸西
3	102.83261	23.22281	元阳
3	102.42059	23.36767	红河县
3	103.22651	22.77959	金平
3	102.39672	22.99371	绿春
3	103.93936	22.52929	河口
2	104.24401	23.36951	文山
3	104.244277	23.369216	文山
3	104.33306	23.60723	砚山
3	104.67419	23.43941	西畴
3	104.70132	23.12028	麻栗坡
3	104.39514	23.01293	马关
3	104.19256	24.03957	丘北
3	105.05511	24.0464	广南
3	105.63085	23.62536	富宁
2	100.797941	22.001724	西双版纳
3	100.79977	22.01071	景洪
3	100.44931	21.96175	勐海
3	101.56488	21.48162	勐腊
2	100.240037	25.592765	大理
3	100.22998	25.59157	大理
3	99.95474	25.6652	漾濞
3	100.55761	25.47342	祥云
3	100.57666	25.83144	宾川
3	100.49075	25.34179	弥渡
3	100.50964	25.04349	南涧
3	100.30612	25.23197	巍山
3	99.54095	25.46451	永平
3	99.37255	25.88505	云龙
3	99.94903	26.10829	洱源
3	99.90545	26.53688	剑川
3	100.17697	26.55798	鹤庆
2	98.578363	24.436694	德宏
3	97.85183	24.01277	瑞丽
3	98.588641	24.433735	芒市
3	98.29705	24.80658	梁河
3	97.93179	24.70579	盈江
3	97.79199	24.18302	陇川
2	98.854304	25.850949	怒江
3	98.85534	25.83772	泸水
3	98.86969	26.90366	福贡
3	98.66583	27.74088	贡山
3	99.41891	26.45251	兰坪
2	99.706463	27.826853	迪庆
3	99.70601	27.82308	香格里拉
3	98.91082	28.4863	德钦
3	99.28402	27.1793	维西
2	91.132212	29.660361	拉萨
3	91.13859	29.65312	城关
3	91.2586	29.89445	林周
3	91.10076	30.48309	当雄
3	90.16378	29.43353	尼木
3	90.73187	29.35636	曲水
3	91.00033	29.65002	堆龙德庆
3	91.35757	29.6722	达孜
3	91.72814	29.83614	墨竹工卡
2	88.884874	29.263792	日喀则
3	88.880367	29.269565	桑珠孜
3	89.09686	29.68206	南木林
3	89.60263	28.91744	江孜
3	87.12176	28.66129	定日
3	88.02191	28.90299	萨迦
3	87.63412	29.085	拉孜
3	87.23858	29.29496	昂仁
3	88.26242	29.43337	谢通门
3	89.26205	29.10553	白朗
3	89.84228	29.2301	仁布
3	89.68527	28.5567	康马
3	87.77255	28.36403	定结
3	84.02951	29.76595	仲巴
3	88.90802	27.4839	亚东
3	85.29846	28.85382	吉隆
3	85.97998	28.15645	聂拉木
3	85.23413	29.32936	萨嘎
3	88.52069	28.27504	岗巴
2	97.178452	31.136875	昌都
3	97.18043	31.1385	昌都
3	98.21865	31.50343	江达
3	98.27163	30.85941	贡觉
3	96.60015	31.21207	类乌齐
3	95.59362	31.41621	丁青
3	97.56521	30.65336	察雅
3	96.9176	30.05346	八宿
3	97.84429	29.67108	左贡
3	98.59378	29.67946	芒康
3	95.82644	30.74049	洛隆
3	94.70687	30.93434	边坝
2	91.766529	29.236023	山南
3	91.76153	29.2249	乃东
3	91.33288	29.2399	扎囊
3	90.98867	29.29408	贡嘎
3	92.02005	29.26643	桑日
3	91.68093	29.02632	琼结
3	92.20263	29.06412	曲松
3	91.43237	28.43794	措美
3	90.86035	28.3872	洛扎
3	92.57702	29.13973	加查
3	92.46148	28.40797	隆子
3	91.95752	27.99224	错那
3	90.40002	28.96948	浪卡子
2	92.060214	31.476004	那曲
3	92.0535	31.46964	那曲
3	93.24987	30.64233	嘉黎
3	93.68685	31.4779	比如
3	92.29574	32.11193	聂荣
3	91.6795	32.26125	安多
3	88.70776	30.92995	申扎
3	93.78295	31.88427	索县
3	90.01907	31.36149	班戈
3	94.05316	31.91833	巴青
3	87.25256	31.79654	尼玛
3	88.837776	33.189032	双湖
2	80.105498	32.503187	阿里
3	81.177	30.30002	普兰
3	79.80255	31.48345	札达
3	80.09579	32.50024	噶尔
3	79.7131	33.38741	日土
3	81.151	32.3964	革吉
3	84.06295	32.30446	改则
3	85.16616	31.02095	措勤
2	94.362348	29.654693	林芝
3	94.48391	29.57562	林芝
3	93.2452	29.88576	工布江达
3	94.21316	29.21535	米林
3	95.3316	29.32698	墨脱
3	95.77096	29.85907	波密
3	97.46679	28.6618	察隅
3	93.0754	29.04549	朗县
2	108.948024	34.263161	西安
3	108.9608	34.26641	新城
3	108.93426	34.2304	碑林
3	108.9401	34.26709	莲湖
3	109.06451	34.27264	灞桥
3	108.94683	34.29296	未央
3	108.94866	34.22245	雁塔
3	109.22616	34.66221	阎良
3	109.21417	34.36665	临潼
3	108.94586	34.15559	长安
3	109.32339	34.15128	蓝田
3	108.22207	34.16337	周至
3	108.60513	34.10856	户县
3	109.08816	34.53483	高陵
2	108.963122	34.90892	铜川
3	109.07564	35.06896	王益
3	109.10208	35.1169	印台
3	108.98556	34.91308	耀州
3	109.11813	35.40108	宜君
2	107.14487	34.369315	宝鸡
3	107.14991	34.37116	渭滨
3	107.14691	34.37612	金台
3	107.38742	34.35451	陈仓
3	107.39645	34.52321	凤翔
3	107.62173	34.44378	岐山
3	107.90017	34.37524	扶风
3	107.75079	34.27569	眉县
3	106.85946	34.89404	陇县
3	107.13043	34.64219	千阳
3	107.79623	34.67844	麟游
3	106.52356	33.91172	凤县
3	107.31646	34.06207	太白
2	108.705117	34.333439	咸阳
3	108.71493	34.33804	秦都
3	108.083481	34.270434	杨陵
3	108.72227	34.33198	渭城
3	108.93194	34.61556	三原
3	108.84259	34.52705	泾阳
3	108.24231	34.52946	乾县
3	108.4263	34.48455	礼泉
3	108.14474	34.69081	永寿
3	108.08468	35.0342	彬县
3	107.7951	35.2067	长武
3	108.3341	35.11338	旬邑
3	108.58026	34.79886	淳化
3	108.20434	34.26003	武功
3	108.49057	34.29785	兴平
2	109.502882	34.499381	渭南
3	109.49296	34.49822	临渭
3	109.77185	34.51255	华县
3	110.24362	34.54284	潼关
3	109.94216	34.79565	大荔
3	110.14862	35.23805	合阳
3	109.93444	35.18396	澄城
3	109.5903	34.9568	蒲城
3	109.59286	35.17863	白水
3	109.1802	34.75109	富平
3	110.44238	35.47926	韩城
3	110.08752	34.56608	华阴
2	109.49081	36.596537	延安
3	109.49336	36.59154	宝塔
3	110.01083	36.57904	延长
3	110.19415	36.87817	延川
3	109.67532	37.14253	子长
3	109.32708	36.86507	安塞
3	108.76815	36.82177	志丹
3	108.17611	36.92785	吴起
3	109.35012	36.27754	甘泉
3	109.37927	35.98803	富县
3	109.43286	35.76076	洛川
3	110.17196	36.04732	宜川
3	109.84259	35.58349	黄龙
3	109.26333	35.58357	黄陵
2	107.028621	33.077668	汉中
3	107.03187	33.06774	汉台
3	106.94024	33.00299	南郑
3	107.33367	33.15661	城固
3	107.54672	33.22102	洋县
3	107.76867	32.98411	西乡
3	106.67584	33.15273	勉县
3	106.25958	32.82881	宁强
3	106.15399	33.33009	略阳
3	107.89648	32.53487	镇巴
3	106.92233	33.61606	留坝
3	107.98974	33.52496	佛坪
2	109.741193	38.290162	榆林
3	109.73473	38.27843	榆阳
3	110.4989	38.84234	神木
3	111.06723	39.02805	府谷
3	109.29568	37.958	横山
3	108.79412	37.59938	靖边
3	107.59793	37.59037	定边
3	110.26126	37.49778	绥德
3	110.18417	37.75529	米脂
3	110.49362	38.02248	佳县
3	110.74533	37.45709	吴堡
3	110.12173	37.08854	清涧
3	110.03488	37.61238	子洲
2	109.029273	32.6903	安康
3	109.02683	32.69517	汉滨
3	108.51098	32.89129	汉阴
3	108.24755	33.03971	石泉
3	108.31515	33.31726	宁陕
3	108.5368	32.52115	紫阳
3	108.90289	32.30794	岚皋
3	109.35775	32.39111	平利
3	109.52456	31.8833	镇坪
3	109.3619	32.83207	旬阳
3	110.11315	32.80955	白河
2	109.939776	33.868319	商洛
3	109.94126	33.8627	商州
3	110.14645	34.08994	洛南
3	110.33486	33.69468	丹凤
3	110.88375	33.52581	商南
3	109.88784	33.52931	山阳
3	109.15374	33.42366	镇安
3	109.11105	33.6831	柞水
2	108.810654	34.307144	西咸
3	108.760529	34.440894	空港
3	108.82988	34.267431	沣东
3	108.83812	34.386513	秦汉
3	108.71215	34.190453	沣西
3	109.049603	34.460587	泾河
2	103.823557	36.058039	兰州
3	103.8252	36.05725	城关
3	103.78564	36.06585	七里河
3	103.62811	36.08858	西固
3	103.7189	36.10384	安宁
3	102.85955	36.34537	红古
3	103.26055	36.73522	永登
3	103.94506	36.33215	皋兰
3	104.1145	35.84415	榆中
2	98.277304	39.786529	嘉峪关
3	98.277398	39.77925	雄关
3	98.273523	39.787431	长城
3	98.277304	39.786529	镜铁
2	102.187888	38.514238	金昌
3	102.19376	38.52101	金川
3	101.97222	38.24711	永昌
2	104.173606	36.54568	白银
3	104.17355	36.54411	白银
3	104.82498	36.7277	平川
3	104.68325	36.56602	靖远
3	105.05297	35.69626	会宁
3	104.06295	37.18359	景泰
2	105.724998	34.578529	天水
3	105.72421	34.58089	秦州
3	105.89013	34.57069	麦积
3	106.13671	34.75032	清水
3	105.66955	34.85894	秦安
3	105.33291	34.73665	甘谷
3	104.88382	34.72123	武山
3	106.21582	34.99582	张家川
2	102.634697	37.929996	武威
3	102.64203	37.92832	凉州
3	103.09011	38.62487	民勤
3	102.89154	37.46508	古浪
3	103.1361	36.97715	天祝
2	100.455472	38.932897	张掖
3	100.4527	38.92947	甘州
3	99.61407	38.83776	肃南
3	100.81091	38.43479	民乐
3	100.16445	39.15252	临泽
3	99.81918	39.37829	高台
3	101.09359	38.78468	山丹
2	106.684691	35.54279	平凉
3	106.67483	35.54262	崆峒
3	107.36581	35.33223	泾川
3	107.6174	35.06768	灵台
3	107.03738	35.30344	崇信
3	106.65463	35.2183	华亭
3	106.03662	35.20235	庄浪
3	105.72723	35.51991	静宁
2	98.510795	39.744023	酒泉
3	98.50775	39.74506	肃州
3	98.90002	39.97733	金塔
3	95.78271	40.51548	瓜州
3	94.87649	39.51214	肃北
3	94.34097	39.63435	阿克塞
3	97.04538	40.29172	玉门
3	94.66159	40.14211	敦煌
2	107.638372	35.734218	庆阳
3	107.65107	35.73065	西峰
3	107.88272	36.01507	庆城
3	107.30835	36.56846	环县
3	107.9891	36.46108	华池
3	108.02032	35.81911	合水
3	108.36007	35.49174	正宁
3	107.92517	35.50164	宁县
3	107.199	35.67712	镇原
2	104.626294	35.579578	定西
3	104.6106	35.58066	安定
3	105.24224	35.21101	通渭
3	104.63446	35.00238	陇西
3	104.21435	35.13649	渭源
3	103.86196	35.3751	临洮
3	104.46704	34.84977	漳县
3	104.03772	34.43444	岷县
2	104.929379	33.388598	陇南
3	104.92652	33.39239	武都
3	105.72586	33.73925	成县
3	104.68362	32.94337	文县
3	104.39349	34.04732	宕昌
3	105.60711	33.32912	康县
3	105.30099	34.01432	西和
3	105.17785	34.18935	礼县
3	106.08529	33.76898	徽县
3	106.30484	33.9096	两当
2	103.212006	35.599446	临夏
3	103.21	35.59916	临夏
3	102.9938	35.49519	临夏
3	103.71093	35.37219	康乐
3	103.32043	35.93835	永靖
3	103.56933	35.48097	广河
3	103.34936	35.42592	和政
3	103.39477	35.66471	东乡族
3	102.87374	35.7182	积石山
2	102.911008	34.986354	甘南
3	102.91082	35.00016	合作
3	103.35287	34.69515	临潭
3	103.50811	34.58919	卓尼
3	104.37155	33.78468	舟曲
3	103.22274	34.05623	迭部
3	102.0754	33.997	玛曲
3	102.49176	34.58872	碌曲
3	102.52215	35.20487	夏河
2	101.778916	36.623178	西宁
3	101.80373	36.59969	城东
3	101.78394	36.62279	城中
3	101.76588	36.62828	城西
3	101.7662	36.65014	城北
3	101.70236	36.93489	大通
3	101.57159	36.50083	湟中
3	101.25643	36.68243	湟源
2	102.10327	36.502916	海东
3	102.402431	36.480291	乐都
3	102.104295	36.502714	平安
3	102.804209	36.329451	民和
3	101.956734	36.83994	互助
3	102.262329	36.098322	化隆
3	102.486534	35.847247	循化
2	100.901059	36.959435	海北
3	101.62228	37.37611	门源
3	100.24618	38.17901	祁连
3	100.9927	36.89902	海晏
3	100.14675	37.32161	刚察
2	102.019988	35.517744	黄南
3	102.0184	35.51603	同仁
3	102.03411	35.93947	尖扎
3	101.46444	35.03519	泽库
3	101.60864	34.73476	河南
2	100.619542	36.280353	海南
3	100.62003	36.2841	共和
3	100.57159	35.25488	同德
3	101.432	36.044	贵德
3	99.98846	35.59031	兴海
3	100.74716	35.58667	贵南
2	100.242143	34.4736	果洛
3	100.23901	34.47746	玛沁
3	100.73745	32.93253	班玛
3	99.90246	33.96838	甘德
3	99.65179	33.75193	达日
3	101.48342	33.42989	久治
3	98.20996	34.91567	玛多
2	97.008522	33.004049	玉树
3	97.008762	33.00393	玉树
3	95.29864	32.89318	杂多
3	97.10788	33.36899	称多
3	95.61572	33.8528	治多
3	96.47753	32.20359	囊谦
3	95.79757	34.12609	曲麻莱
2	97.370785	37.374663	海西
3	94.90329	36.40236	格尔木
3	97.36084	37.36946	德令哈
3	98.48196	36.93471	乌兰
3	98.09228	36.30135	都兰
3	99.02453	37.30326	天峻
2	106.278179	38.46637	银川
3	106.28872	38.47392	兴庆
3	106.15023	38.49137	西夏
3	106.24261	38.47294	金凤
3	106.2517	38.27559	永宁
3	106.34982	38.5544	贺兰
3	106.33999	38.10266	灵武
2	106.376173	39.01333	石嘴山
3	106.37717	39.01226	大武口
3	106.71145	39.13193	惠农
3	106.54538	38.90429	平罗
2	106.199409	37.986165	吴忠
3	106.20311	37.98512	利通
3	106.19822	37.99747	红寺堡
3	107.40707	37.7833	盐池
3	105.91418	36.98116	同心
3	106.07489	38.02004	青铜峡
2	106.285241	36.004561	固原
3	106.28778	36.00374	原州
3	105.73107	35.96616	西吉
3	106.12426	35.61718	隆德
3	106.33902	35.49072	泾源
3	106.64462	35.85076	彭阳
2	105.189568	37.514951	中卫
3	105.18962	37.51044	沙坡头
3	105.68515	37.49149	中宁
3	105.64712	36.56498	海原
2	87.617733	43.792818	乌鲁木齐
3	87.63167	43.79439	天山
3	87.59788	43.80118	沙依巴克
3	87.57406	43.84348	新市
3	87.64249	43.83247	水磨沟
3	87.29138	43.85487	头屯河
3	88.30697	43.35797	达坂城
3	87.68583	43.94739	米东
3	87.40939	43.47125	乌鲁木齐
2	84.873946	45.595886	克拉玛依
3	84.88671	44.32867	独山子
3	84.86225	45.59089	克拉玛依
3	85.13244	45.68768	白碱滩
3	85.69143	46.09006	乌尔禾
2	89.184078	42.947613	吐鲁番
3	89.18579	42.93505	吐鲁番
3	90.21402	42.8635	鄯善
3	88.65823	42.79231	托克逊
2	93.51316	42.833248	哈密
3	93.51452	42.82699	哈密
3	93.01236	43.59993	巴里坤
3	94.69403	43.2537	伊吾
2	87.304012	44.014577	昌吉
3	87.30249	44.01267	昌吉
3	87.98529	44.1584	阜康
3	86.89892	44.18977	呼图壁
3	86.2145	44.30438	玛纳斯
3	89.5932	44.02221	奇台
3	89.18078	44.00048	吉木萨尔
3	90.28897	43.83508	木垒
2	82.074778	44.903258	博尔塔拉
3	82.0713	44.90052	博乐
3	82.567721	45.170616	阿拉山口
3	82.89419	44.60774	精河
3	81.03134	44.97373	温泉
2	86.150969	41.768552	巴音郭楞
3	86.15528	41.76602	库尔勒
3	84.26101	41.77642	轮台
3	86.25903	41.33632	尉犁
3	88.16812	39.0179	若羌
3	85.52975	38.14534	且末
3	86.5744	42.059	焉耆
3	86.39611	42.31838	和静
3	86.86392	42.26814	和硕
3	86.63333	41.98014	博湖
2	80.265068	41.170712	阿克苏
3	80.26338	41.16754	阿克苏
3	80.24173	41.27679	温宿
3	82.96209	41.71793	库车
3	82.78131	41.22497	沙雅
3	82.61053	41.54964	新和
3	81.87564	41.79801	拜城
3	79.22937	41.21569	乌什
3	80.38336	40.63926	阿瓦提
3	79.04751	40.50585	柯坪
2	76.172825	39.713431	克孜勒苏
3	76.16827	39.71615	阿图什
3	75.94692	39.14892	阿克陶
3	78.44848	40.93947	阿合奇
3	75.25839	39.71984	乌恰
2	75.989138	39.467664	喀什
3	75.99379	39.46768	喀什
3	75.86029	39.37534	疏附
3	76.05398	39.40625	疏勒
3	76.17565	38.92968	英吉沙
3	77.27145	38.18935	泽普
3	77.24316	38.41601	莎车
3	77.41659	37.88324	叶城
3	77.64224	38.89662	麦盖提
3	76.77233	39.23561	岳普湖
3	76.72372	39.48801	伽师
3	78.54888	39.7855	巴楚
3	75.23196	37.77893	塔什库尔干塔吉克
2	79.92533	37.110687	和田
3	79.91353	37.11214	和田市
3	79.82874	37.08922	和田县
3	79.74035	37.27248	墨玉
3	78.28125	37.62007	皮山
3	80.18536	37.07364	洛浦
3	80.80999	36.99843	策勒
3	81.66717	36.854	于田
3	82.68444	37.06577	民丰
2	81.317946	43.92186	伊犁
3	81.32932	43.91294	伊宁
3	84.90228	44.425	奎屯
3	80.418189	44.205778	霍尔果斯
3	81.52764	43.97863	伊宁
3	81.14956	43.84023	察布查尔锡伯
3	80.87826	44.0533	霍城
3	82.22851	43.48429	巩留
3	83.26095	43.4284	新源
3	81.1307	43.15828	昭苏
3	81.84005	43.21938	特克斯
3	82.51184	43.79901	尼勒克
2	82.985732	46.746301	塔城
3	82.97892	46.74852	塔城
3	84.68258	44.43729	乌苏
3	83.62872	46.5284	额敏
3	85.61932	44.33144	沙湾
3	83.60592	45.93623	托里
3	82.99002	46.20377	裕民
3	85.72662	46.79362	和布克赛尔
2	88.13963	47.848393	阿勒泰
3	88.13913	47.8317	阿勒泰
3	86.85751	47.70062	布尔津
3	89.52679	46.99444	富蕴
3	87.49508	47.11065	福海
3	86.42092	48.06046	哈巴河
3	90.38305	46.67382	青河
3	85.87814	47.43359	吉木乃
2	91.132212	29.660361	 
3	86.041075	44.305886	石河子
3	81.285884	40.541914	阿拉尔
3	79.077978	39.867316	图木舒克
3	87.526884	44.167401	五家渠
3	87.808456	47.362308	北屯
3	86.194687	41.811007	铁门关
3	91.132212	29.660361	双河
2	121.565170	25.037798	台北
3	121.577206	25.049698	松山
3	121.751381	25.129407	信义
3	121.534648	25.026406	大安
3	121.533468	25.064361	中山
3	121.518267	25.032361	中正
3	121.515514	25.065986	大同
3	121.499332	25.031933	万华
3	121.570458	24.989786	文山
3	121.606858	25.054656	南港
3	121.588998	25.069664	内湖
3	121.519874	25.092822	士林
3	121.501379	25.132419	北投
2	120.311922	22.620856	高雄
3	120.286795	22.624666	盐埕
3	120.281154	22.636797	鼓山
3	120.294958	22.690124	左营
3	120.326314	22.728401	楠梓
3	120.299622	22.647695	三民
3	120.309535	22.631147	新兴
3	120.294159	22.627421	前金
3	120.312347	22.621770	苓雅
3	120.318583	22.586425	前镇
3	120.284429	22.590565	旗津
3	120.337970	22.565354	小港
3	120.356892	22.626945	凤山
3	120.395977	22.501490	林园
3	120.395422	22.605386	大寮
3	120.433095	22.693394	大树
3	120.346635	22.729966	大社
3	120.347779	22.701901	仁武
3	120.364402	22.659340	鸟松
3	120.295820	22.796762	冈山
3	120.305741	22.757501	桥头
3	120.361956	22.793370	燕巢
3	120.359636	22.869307	田寮
3	120.327036	22.883703	阿莲
3	120.261828	22.856851	路竹
3	120.211530	22.908188	湖内
3	120.182815	22.906556	茄萣
3	120.225308	22.818580	永安
3	120.247344	22.782879	弥陀
3	120.267322	22.760475	梓官
3	120.483550	22.888491	旗山
3	120.541530	22.897880	美浓
3	120.633418	22.997914	六龟
3	120.591185	23.084688	甲仙
3	120.538980	22.970712	杉林
3	120.462351	22.943437	内门
3	120.663217	22.886248	茂林
3	120.760049	23.159137	桃源
3	120.692799	23.216964	那玛夏
2	121.746248	25.130741	基隆
3	121.518267	25.032361	中正
3	121.713032	25.095739	七堵
3	121.736102	25.099777	暖暖
3	121.740940	25.127526	仁爱
3	121.739132	25.133991	中山
3	121.723203	25.120910	安乐
3	121.751381	25.129407	信义
2	120.679040	24.138620	台中
3	120.679510	24.143830	中区
3	120.704	24.13662	东区
3	120.188648	22.960944	南区
3	120.67104	24.14138	西区
3	120.682410	24.166040	北区
3	120.639820	24.181340	西屯
3	120.643080	24.138270	南屯
3	120.686250	24.182220	北屯
3	120.718460	24.242190	丰原
3	120.827770	24.258610	东势
3	120.622390	24.348920	大甲
3	120.559780	24.268650	清水
3	120.565700	24.233480	沙鹿
3	120.531520	24.254960	梧栖
3	120.710710	24.304910	后里
3	120.661550	24.257770	神冈
3	120.705160	24.209530	潭子
3	120.647780	24.229230	大雅
3	120.809500	24.234140	新社
3	120.780410	24.274980	石冈
3	120.654370	24.332010	外埔
3	120.58652	24.34607	大安
3	120.623810	24.104500	乌日
3	120.540960	24.153660	大肚
3	120.545940	24.192710	龙井
3	120.700200	24.061520	雾峰
3	120.718523	24.126472	太平
3	120.677860	24.099390	大里
3	120.88349	24.17477	和平
2	120.279363	23.172478	台南
3	120.224198	22.980072	东区
3	120.188648	22.960944	南区
3	120.682410	24.166040	北区
3	120.184617	23.047230	安南
3	120.166810	23.000763	安平
3	120.205957	22.992152	中西
3	120.316698	23.310274	新营
3	120.266398	23.319828	盐水
3	120.415810	23.351221	白河
3	120.311286	23.278133	柳营
3	120.362726	23.366721	后壁
3	120.403984	23.326092	东山
3	120.248179	23.181680	麻豆
3	120.264484	23.235413	下营
3	120.347600	23.231931	六甲
3	120.314374	23.194652	官田
3	120.348853	23.119460	大内
3	120.177211	23.165121	佳里
3	120.180255	23.232348	学甲
3	120.203618	23.123057	西港
3	120.140003	23.140545	七股
3	120.156871	23.199543	将军
3	120.125821	23.267148	北门
3	120.310807	23.038533	新化
3	120.296895	23.132261	善化
3	120.295138	23.07897	新市
3	120.237083	23.121498	安定
3	120.352908	23.103223	山上
3	120.460110	23.123859	玉井
3	120.485396	23.173454	楠西
3	120.477116	23.042614	南化
3	120.407309	23.057955	左镇
3	120.251520	22.972212	仁德
3	120.293791	22.967081	归仁
3	120.327689	22.962949	关庙
3	120.360824	22.965681	龙崎
3	120.257069	23.026061	永康
2	120.968798	24.806738	新竹
3	120.970239	24.801337	东区
3	120.682410	24.166040	北区
3	120.956679	24.768933	香山
2	120.452538	23.481568	嘉义
3	120.458009	23.486213	东区
3	120.437493	23.473029	西区
2	121.465746	25.012366	新北
3	121.459084	25.009578	板桥
3	121.488102	25.061486	三重
3	121.498980	24.999397	中和
3	121.513660	25.007802	永和
3	121.450413	25.035947	新庄
3	121.541750	24.967558	新店
3	121.420533	24.990706	树林
3	121.354573	24.955413	莺歌
3	121.368905	24.934339	三峡
3	121.440915	25.169452	淡水
3	121.629470	25.062999	汐止
3	121.810061	25.108895	瑞芳
3	121.443348	24.972201	土城
3	121.473700	25.084923	芦洲
3	121.438156	25.082743	五股
3	121.430811	25.058864	泰山
3	121.391602	25.077531	林口
3	121.615670	25.002329	深坑
3	121.658567	24.991679	石碇
3	121.711185	24.937388	坪林
3	121.500866	25.258047	三芝
3	121.568491	25.290412	石门
3	121.398227	25.146680	八里
3	121.738255	25.025725	平溪
3	121.865676	25.033409	双溪
3	121.908185	25.022388	贡寮
3	121.636427	25.221883	金山
3	121.688687	25.181234	万里
3	121.550531	24.865296	乌来
2	121.500000	24.600000	宜兰
3	121.753476	24.751682	宜兰
3	121.766919	24.677033	罗东
3	121.842656	24.594622	苏澳
3	121.823307	24.859217	头城
3	121.766680	24.822345	礁溪
3	121.781619	24.744949	壮围
3	121.721733	24.741771	员山
3	121.792280	24.634514	冬山
3	121.798297	24.684640	五结
3	121.003418	23.775291	三星
3	121.605557	24.675997	大同
3	121.799810	24.465393	南澳
2	121.083000	25.000000	桃园
3	121.301337	24.993777	桃园
3	121.224926	24.965353	中坜
3	121.218359	24.945752	平镇
3	121.284655	24.928651	八德
3	121.145873	24.907575	杨梅
3	121.292064	25.045392	芦竹
3	121.286962	24.880584	大溪
3	121.196292	25.064471	大园
3	121.337767	24.992517	龟山
3	121.216392	24.863851	龙潭
3	121.105801	24.972203	新屋
3	121.077519	25.033303	观音
3	121.352613	24.820908	复兴
2	121.160000	24.600000	新竹
3	121.004317	24.839652	竹北
3	121.086418	24.733601	竹东
3	121.072804	24.824820	新埔
3	121.177301	24.788842	关西
3	121.043691	24.903943	湖口
3	120.983006	24.899600	新丰
3	121.076924	24.774436	芎林
3	121.116244	24.720807	横山
3	121.053156	24.697126	北埔
3	120.985752	24.760975	宝山
3	121.015291	24.686127	峨眉
3	121.197802	24.704360	尖石
3	121.003418	23.775291	五峰
2	120.750000	24.500000	苗栗
3	120.818869	24.561472	苗栗
3	120.648907	24.441750	苑里
3	120.676700	24.489087	通霄
3	120.872641	24.685513	竹南
3	120.895188	24.687993	头份
3	120.786480	24.612617	后龙
3	120.823441	24.309509	卓兰
3	120.863641	24.422547	大湖
3	120.822983	24.499108	公馆
3	121.003418	23.775291	铜锣
3	120.994957	24.596835	南庄
3	120.846616	24.574249	头屋
3	120.742340	24.350270	三义
3	121.003418	23.775291	西湖
3	120.862399	24.637537	造桥
3	120.951484	24.651051	三湾
3	120.918024	24.540004	狮潭
3	120.904441	24.442600	泰安
2	120.416000	24.000000	彰化
3	120.542294	24.080911	彰化市
3	120.435392	24.056937	鹿港
3	120.500265	24.110904	和美
3	120.465921	24.128653	线西
3	120.484224	24.146081	伸港
3	120.443682	24.047883	福兴
3	120.502658	24.035267	秀水
3	120.538403	24.029399	花坛
3	120.629024	24.013658	芬园
3	120.574625	23.958999	员林
3	120.479144	23.962315	溪湖
3	120.580629	23.861718	田中
3	120.540713	23.993726	大村
3	120.464044	24.000346	埔盐
3	120.543568	23.953019	埔心
3	120.547775	23.924703	永靖
3	120.582681	23.896686	社头
3	120.618788	23.806995	二水
3	120.520449	23.870911	北斗
3	120.374468	23.899751	二林
3	120.524717	23.890735	田尾
3	120.462599	23.891324	埤头
3	120.320329	23.924222	芳苑
3	120.320934	23.852382	大城
3	120.427499	23.860112	竹塘
3	120.498706	23.851229	溪州
2	120.830000	23.830000	南投
3	120.683706	23.909956	南投市
3	120.964648	23.964789	埔里
3	120.680343	23.973947	草屯
3	120.672007	23.757655	竹山
3	120.783673	23.829013	集集
3	120.702797	23.838427	名间
3	120.752796	23.744471	鹿谷
3	120.766654	23.878935	中寮
3	120.936060	23.896356	鱼池
3	120.858541	24.042298	国姓
3	120.855912	23.812086	水里
3	120.855257	23.699922	信义
3	121.133543	24.024429	仁爱
2	120.250000	23.750000	云林
3	120.527360	23.697651	斗六
3	120.479075	23.679731	斗南
3	120.445339	23.708182	虎尾
3	120.466010	23.797984	西螺
3	120.392572	23.677822	土库
3	120.302393	23.575525	北港
3	120.562043	23.642568	古坑
3	120.430516	23.645908	大埤
3	120.502374	23.760784	莿桐
3	120.611365	23.758712	林内
3	120.415077	23.771273	二仑
3	120.353895	23.758840	仑背
3	120.252043	23.753841	麦寮
3	120.252672	23.674679	东势
3	120.310488	23.694245	褒忠
3	120.196141	23.702819	台西
3	120.315124	23.649458	元长
3	120.225741	23.637740	四湖
3	120.185370	23.582406	口湖
3	120.245948	23.572634	水林
2	120.300000	23.500000	嘉义
3	120.332876	23.459647	太保
3	120.247014	23.464961	朴子
3	120.166936	23.377979	布袋
3	120.471336	23.603815	大林
3	120.428577	23.551456	民雄
3	120.393822	23.602223	溪口
3	120.347647	23.551806	新港
3	120.291083	23.493942	六脚
3	120.153822	23.459235	东石
3	120.243423	23.336277	义竹
3	120.308370	23.410784	鹿草
3	120.397936	23.428104	水上
3	120.522948	23.425148	中埔
3	120.551466	23.523184	竹崎
3	120.557192	23.584915	梅山
3	120.555043	23.465222	番路
3	120.593795	23.296715	大埔
3	120.732520	23.467950	阿里山
2	120.487928	22.682802	屏东
3	120.488465	22.669723	屏东
3	120.542854	22.550536	潮州
3	120.454489	22.466626	东港
3	120.745451	22.002373	恒春
3	120.484533	22.589839	万丹
3	120.527614	22.677062	长治
3	120.527283	22.650604	麟洛
3	120.490142	22.739778	九如
3	120.494490	22.779220	里港
3	120.572849	22.754783	盐埔
3	120.600214	22.826789	高树
3	120.566477	22.571965	万峦
3	120.566865	22.611967	内埔
3	120.544038	22.584678	竹田
3	120.549546	22.469976	新埤
3	120.593438	22.365560	枋寮
3	120.461739	22.543952	新园
3	120.514571	22.514795	崁顶
3	120.515091	22.434015	林边
3	120.509808	22.490192	南州
3	120.551544	22.417653	佳冬
3	120.369020	22.342366	琉球
3	120.710979	22.072077	车城
3	120.838843	22.020853	满州
3	120.656356	22.260338	枋山
3	120.654486	22.713877	三地门
3	120.732318	22.744877	雾台
3	120.644130	22.706718	玛家
3	120.632856	22.591819	泰武
3	120.633601	22.525866	来义
3	120.628793	22.370672	春日
3	120.704617	22.201917	狮子
3	120.770108	22.125687	牡丹
2	120.916000	23.000000	台东
3	121.145654	22.756045	台东
3	121.379571	23.100223	成功
3	121.163134	23.047450	关山
3	121.083503	22.786039	卑南
3	121.135982	22.913951	鹿野
3	121.215139	23.122393	池上
3	121.300334	22.969934	东河
3	121.451522	23.315041	长滨
3	121.007394	22.615383	太麻里
3	120.889938	22.339919	大武
3	121.492596	22.661676	绿岛
3	121.172008	23.101074	海端
3	121.084499	22.902358	延平
3	120.971292	22.595511	金峰
3	120.884131	22.294869	达仁
3	121.532473	22.056736	兰屿
2	121.300000	23.830000	花莲
3	121.606810	23.982074	花莲
3	121.451687	23.744648	凤林
3	121.316445	23.336509	玉里
3	121.640512	24.128133	新城
3	121.568005	23.961635	吉安
3	121.508955	23.870680	寿丰
3	121.423496	23.669084	光复
3	121.518639	23.597080	丰滨
3	121.375992	23.496817	瑞穗
3	121.250124	23.179984	富里
3	121.620381	24.116642	秀林
3	121.407493	23.715346	万荣
3	121.303422	23.346369	卓溪
2	119.566417	23.569733	澎湖
3	119.566499	23.565845	马公
3	119.659666	23.583358	湖西
3	119.597919	23.666060	白沙
3	119.506974	23.600836	西屿
3	119.500538	23.357531	望安
3	119.423929	23.206018	七美
2	118.317089	24.432706	金门
3	118.316667	24.416667	金城
3	118.419743	24.438633	金湖
3	118.427993	24.481109	金沙
3	118.334506	24.45672	金宁
3	118.247255	24.433102	烈屿
3	118.319578	24.435038	乌丘
2	119.539704	26.197364	连江
3	119.944267	26.144035	南竿
3	120.000572	26.221983	北竿
3	119.940405	25.976256	莒光
3	120.493955	26.366164	东引
2	114.177314	22.266416	香港岛
3	114.154374	22.281981	中西区
3	114.182915	22.276389	湾仔区
3	114.255993	22.262755	东区
3	114.174134	22.24676	南区
2	114.17495	22.327115	九龙
3	114.173332	22.311704	油尖旺
3	114.16721	22.328171	深水埗
3	114.195053	22.32673	九龙城
3	114.19924	22.336313	黄大仙
3	114.231268	22.30943	观塘
2	114.202408	22.341766	新界
3	114.122952	22.370973	荃湾
3	113.977416	22.391047	屯门
3	114.039796	22.443342	元朗
3	114.148959	22.494086	北区
3	114.171743	22.445653	大埔
3	114.27854	22.37944	西贡
3	114.191941	22.379294	沙田
3	114.13932	22.363877	葵青
3	113.945842	22.281508	离岛
2	113.549134	22.198751	澳门半岛
3	113.552284	22.208067	花地玛堂区
3	113.564301	22.12381	圣安多尼堂区
3	113.552971	22.188359	大堂
3	113.550568	22.194081	望德堂区
3	113.541928	22.187368	风顺堂区
2	113.577669	22.156838	氹仔岛
3	113.565303	22.149029	嘉模堂区
2	113.564857	22.116226	路环岛
3	113.559954	22.123486	圣方济各堂区